     0/299     4.35G   0.08065    0.0375         0    0.3524  0.008365    0.4789        25       960   0.04457    0.1629   0.02572  0.004686   0.06574   0.02095         0
     1/299     11.8G   0.05828   0.03382         0    0.3064  0.007662    0.4062        50       960     0.595    0.4964    0.5218    0.2026   0.04386   0.01767         0
     2/299     12.9G   0.04678   0.03162         0    0.2575  0.006936    0.3428        28       960    0.7155    0.5901    0.6549    0.3069    0.0389   0.01648         0
     3/299     12.9G   0.04097   0.02973         0       nan  0.006344       nan        38       960    0.7832    0.6703     0.761    0.4099   0.03377   0.01518         0
     4/299     12.9G   0.03761   0.02829         0    0.2033  0.005904    0.2751        28       960    0.7984    0.6943    0.7878    0.4568   0.03141   0.01455         0
     5/299     12.9G   0.03597   0.02766         0    0.1916  0.005623    0.2608        34       960    0.7509    0.7155      0.72    0.4232   0.03018   0.02343         0
     6/299     12.9G   0.03587   0.02797         0       nan  0.005492       nan        33       960    0.4639    0.7256    0.4256    0.2426   0.02995    0.1316         0
     7/299     12.9G   0.03413   0.02706         0    0.1788  0.005306    0.2453        32       960    0.7876    0.7467    0.7992    0.4952   0.02833   0.01387         0
     8/299     12.9G   0.03303   0.02647         0    0.1707   0.00518    0.2353        26       960    0.8273    0.7443    0.8354    0.5326   0.02753   0.01364         0
     9/299     12.9G   0.03209   0.02587         0     0.164  0.005085    0.2271        34       960    0.8066    0.7753    0.8452    0.5474   0.02676   0.01324         0
    10/299     12.9G   0.03143   0.02551         0    0.1593  0.005008    0.2212        34       960    0.8252    0.7665      0.85    0.5566   0.02627   0.01297         0
    11/299     12.9G    0.0311   0.02549         0    0.1559  0.004955    0.2174        26       960    0.8195    0.7757    0.8531    0.5632   0.02591   0.01284         0
    12/299     12.9G    0.0314    0.0257         0    0.1563  0.004937    0.2184        45       960    0.8242    0.7492    0.8371    0.5449    0.0265   0.01311         0
    13/299     12.9G   0.03067   0.02522         0    0.1509  0.004869    0.2116        39       960    0.8186    0.7638    0.8468    0.5576   0.02597   0.01289         0
    14/299     12.9G   0.03031   0.02504         0     0.148  0.004841    0.2082        29       960    0.8192    0.7719    0.8524    0.5659    0.0257   0.01273         0
    15/299     12.9G   0.03003   0.02492         0    0.1458  0.004802    0.2056        30       960    0.8124    0.7821    0.8538    0.5692   0.02559    0.0127         0
    16/299     12.9G   0.02947   0.02458         0    0.1418  0.004755    0.2006        28       960    0.8172    0.7813    0.8567    0.5741   0.02542   0.01262         0
    17/299     12.9G   0.02921   0.02451         0    0.1394  0.004717    0.1978        38       960    0.8306    0.7736    0.8593    0.5784   0.02529   0.01255         0
    18/299     12.9G   0.02901   0.02415         0    0.1377  0.004699    0.1956        34       960    0.8391    0.7703    0.8613     0.581    0.0252   0.01251         0
    19/299     12.9G   0.02897   0.02425         0    0.1368  0.004685    0.1947        45       960    0.8427    0.7709    0.8632    0.5824   0.02514   0.01248         0
    20/299     12.9G   0.02899   0.02434         0    0.1371  0.004672    0.1951        21       960     0.841    0.7701    0.8636    0.5836   0.02515    0.0125         0
    21/299     12.9G   0.02868   0.02415         0    0.1343  0.004646    0.1918        35       960    0.8451    0.7687    0.8644    0.5846   0.02516   0.01252         0
    22/299     12.9G   0.02886   0.02422         0    0.1356  0.004655    0.1934        21       960    0.8337     0.778     0.864    0.5856   0.02521   0.01256         0
    23/299     12.9G   0.02927   0.02458         0    0.1386   0.00467    0.1971        26       960    0.8369    0.7679    0.8579    0.5795   0.02556   0.01274         0
    24/299     12.9G   0.02819   0.02381         0    0.1311  0.004594    0.1877        39       960    0.8396    0.7645    0.8574    0.5791   0.02567   0.01282         0
    25/299     12.9G   0.02857   0.02407         0    0.1334  0.004611    0.1907        51       960    0.8298    0.7706    0.8574    0.5795   0.02575    0.0129         0
    26/299     12.9G   0.02796   0.02362         0       nan  0.004573       nan        22       960     0.837    0.7657    0.8586    0.5822   0.02579   0.01293         0
    27/299     12.9G   0.02772   0.02356         0    0.1278  0.004548    0.1836        43       960     0.834    0.7727    0.8605    0.5843    0.0258   0.01296         0
    28/299     12.9G   0.02763   0.02338         0    0.1269  0.004538    0.1825        39       960    0.8356     0.773    0.8618    0.5871   0.02581   0.01299         0
    29/299     12.9G    0.0276   0.02347         0       nan  0.004525       nan        25       960    0.8386    0.7728    0.8637    0.5896   0.02581   0.01302         0
    30/299     12.9G   0.02736   0.02323         0     0.125  0.004506    0.1801        35       960    0.8344    0.7801     0.865    0.5923   0.02582   0.01304         0
    31/299     12.9G   0.02738   0.02331         0    0.1254  0.004509    0.1806        25       960    0.8322    0.7841    0.8665    0.5942   0.02581   0.01306         0
    32/299     12.9G   0.02732   0.02333         0    0.1247  0.004495    0.1798        26       960    0.8402    0.7815    0.8687    0.5973   0.02578   0.01307         0
    33/299     12.9G   0.02723   0.02315         0    0.1238  0.004486    0.1786        22       960    0.8437    0.7823    0.8705    0.5992   0.02574   0.01307         0
    34/299     12.9G   0.02697    0.0231         0    0.1218  0.004469    0.1764        38       960    0.8523    0.7769    0.8715    0.6012   0.02568   0.01308         0
    35/299     12.9G   0.02686   0.02309         0    0.1214  0.004457    0.1758        22       960     0.853    0.7792     0.873    0.6036   0.02561   0.01307         0
    36/299     12.9G   0.02692   0.02301         0    0.1217  0.004456    0.1761        23       960    0.8462    0.7868    0.8741    0.6066   0.02554   0.01305         0
    37/299     12.9G   0.02703   0.02305         0    0.1216  0.004453    0.1761        22       960    0.8289    0.8051    0.8753    0.6085   0.02546   0.01303         0
    38/299     12.9G   0.02747   0.02352         0     0.124   0.00448    0.1794        37       960    0.8417    0.7918    0.8731    0.6075   0.02551   0.01307         0
    39/299     12.9G    0.0272   0.02343         0     0.123   0.00446    0.1781        31       960    0.8523    0.7834    0.8734    0.6073   0.02554    0.0131         0
    40/299     12.9G   0.02766   0.02369         0    0.1257  0.004487    0.1816        35       960    0.8574    0.7789    0.8728    0.6082   0.02552    0.0131         0
    41/299     12.9G   0.02746   0.02354         0    0.1254  0.004474    0.1808        51       960     0.864    0.7663    0.8691     0.601    0.0257   0.01326         0
    42/299     12.9G   0.02685    0.0231         0    0.1205  0.004435    0.1749        30       960    0.8789     0.754    0.8669    0.5998   0.02569   0.01329         0
    43/299     12.9G   0.02667   0.02288         0    0.1191  0.004416    0.1731        21       960    0.8763     0.755    0.8668    0.6011   0.02557   0.01323         0
    44/299     12.9G   0.02647   0.02274         0       nan  0.004404       nan        33       960    0.8736    0.7594     0.868    0.6031    0.0254   0.01315         0
    45/299     12.9G   0.02661   0.02295         0    0.1187  0.004411    0.1727        19       960     0.873    0.7629    0.8702    0.6056   0.02519   0.01305         0
    46/299     12.9G    0.0264   0.02269         0       nan  0.004385       nan        43       960    0.8692    0.7691    0.8726    0.6085   0.02498   0.01294         0
    47/299     12.9G   0.02695   0.02321         0    0.1199  0.004424    0.1745        38       960    0.8497    0.7832      0.87    0.6086   0.02496   0.01295         0
    48/299     12.9G    0.0266   0.02294         0     0.118  0.004395    0.1719        18       960    0.8441    0.7878    0.8687    0.6075   0.02488   0.01295         0
    49/299     12.9G   0.02637   0.02275         0    0.1176  0.004382    0.1711        44       960     0.849    0.7849    0.8698    0.6087   0.02472   0.01287         0
    50/299     12.9G   0.02637    0.0228         0    0.1165  0.004379      0.17        32       960    0.8461    0.7911    0.8715    0.6117    0.0245   0.01276         0
    51/299     12.9G   0.02655   0.02279         0    0.1174  0.004385    0.1711        33       960    0.8586     0.782    0.8734    0.6142   0.02434   0.01266         0
    52/299     12.9G   0.02614   0.02254         0       nan  0.004351       nan        34       960    0.8512    0.7932    0.8764    0.6172   0.02412   0.01253         0
    53/299     12.9G   0.02608   0.02255         0    0.1149  0.004353    0.1679        28       960    0.8434    0.8059    0.8794    0.6209   0.02389    0.0124         0
    54/299     12.9G   0.02605    0.0225         0    0.1142  0.004336    0.1671        25       960    0.8442    0.8084    0.8821    0.6247   0.02367   0.01227         0
    55/299     12.9G   0.02592   0.02244         0    0.1132  0.004333    0.1659        50       960    0.8441    0.8098    0.8835    0.6271   0.02345   0.01215         0
    56/299     12.9G   0.02581   0.02237         0    0.1129  0.004324    0.1654        26       960    0.8547    0.8023    0.8855    0.6295   0.02326   0.01205         0
    57/299     12.9G   0.02593   0.02253         0    0.1136  0.004322    0.1664        32       960    0.8568    0.8028    0.8876     0.633   0.02307   0.01194         0
    58/299     12.9G   0.02568   0.02225         0    0.1122  0.004309    0.1644        29       960    0.8559    0.8058    0.8894    0.6359   0.02289   0.01185         0
    59/299     12.9G   0.02571   0.02235         0    0.1124  0.004316    0.1647        32       960    0.8588    0.8054    0.8904    0.6372   0.02273   0.01177         0
    60/299     12.9G   0.02599   0.02246         0    0.1142  0.004327     0.167        50       960    0.8676    0.7964    0.8888    0.6379   0.02266   0.01175         0
    61/299     12.9G   0.02584   0.02231         0    0.1132  0.004312    0.1657        45       960    0.8687    0.7929    0.8858    0.6325    0.0228   0.01184         0
    62/299     12.9G   0.02586   0.02245         0    0.1129   0.00431    0.1655        24       960    0.8577    0.8016    0.8854    0.6316   0.02276   0.01181         0
    63/299     12.9G   0.02604    0.0226         0    0.1141  0.004322    0.1671        37       960    0.8573    0.8012    0.8851    0.6317   0.02267   0.01178         0
    64/299     12.9G     0.027   0.02332         0    0.1217  0.004376    0.1764        21       960    0.8458    0.7834    0.8672    0.6066   0.02393   0.01234         0
    65/299     12.9G   0.02591   0.02251         0    0.1139  0.004308    0.1666        20       960    0.8382    0.7807    0.8585    0.5963   0.02436   0.01253         0
    66/299     12.9G   0.02571   0.02243         0    0.1123  0.004292    0.1648        58       960    0.8678    0.7572    0.8579    0.5948   0.02433   0.01252         0
    67/299     12.9G   0.02556   0.02215         0    0.1118   0.00428    0.1638        39       960    0.8615    0.7619    0.8604    0.5983   0.02412   0.01241         0
    68/299     12.9G   0.02625   0.02282         0    0.1149  0.004323    0.1683        47       960    0.8568    0.7694    0.8627    0.6019   0.02396   0.01235         0
    69/299     12.9G   0.02561    0.0222         0    0.1117  0.004272    0.1637        31       960    0.8636    0.7681    0.8649    0.6058   0.02372   0.01226         0
    70/299     12.9G   0.02539   0.02209         0    0.1101  0.004267    0.1618        37       960    0.8561    0.7809    0.8692    0.6109   0.02342    0.0121         0
    71/299     12.9G    0.0252   0.02202         0    0.1091  0.004249    0.1606        27       960    0.8617     0.781    0.8728    0.6172   0.02309   0.01192         0
    72/299     12.9G   0.02519   0.02199         0    0.1083  0.004237    0.1597        24       960    0.8506    0.7935     0.877    0.6222    0.0228   0.01177         0
    73/299     12.9G    0.0252   0.02202         0    0.1087  0.004239    0.1601        32       960    0.8524    0.7974    0.8808    0.6273   0.02253   0.01163         0
    74/299     12.9G   0.02513   0.02204         0    0.1087  0.004241    0.1601        36       960    0.8538    0.8023    0.8834    0.6312   0.02229   0.01152         0
    75/299     12.9G   0.02512   0.02194         0    0.1084  0.004231    0.1597        34       960    0.8536    0.8053    0.8862    0.6354   0.02208   0.01141         0
    76/299     12.9G   0.02507   0.02179         0       nan  0.004228       nan        40       960    0.8583    0.8054     0.889    0.6395   0.02189   0.01131         0
    77/299     12.9G   0.02507   0.02194         0    0.1081  0.004228    0.1593        36       960    0.8598    0.8063    0.8915    0.6422   0.02171   0.01122         0
    78/299     12.9G   0.02504   0.02179         0    0.1081  0.004221    0.1592        22       960    0.8672     0.804    0.8938    0.6453   0.02154   0.01114         0
    79/299     12.9G   0.02504    0.0219         0    0.1077  0.004223    0.1588        18       960    0.8618    0.8117    0.8953     0.648   0.02139   0.01107         0
    80/299     12.9G   0.02491   0.02177         0    0.1072   0.00421    0.1581        38       960    0.8611    0.8149    0.8971    0.6507   0.02126   0.01101         0
    81/299     12.9G   0.02491   0.02189         0    0.1071   0.00421    0.1581        36       960    0.8651    0.8138    0.8988    0.6531   0.02113   0.01095         0
    82/299     12.9G   0.02488   0.02172         0    0.1073  0.004204    0.1581        50       960    0.8629    0.8188    0.8999    0.6544   0.02102   0.01089         0
    83/299     12.9G   0.02472   0.02159         0    0.1055  0.004197     0.156        24       960    0.8674    0.8159    0.9008    0.6576   0.02091   0.01084         0
    84/299     12.9G   0.02471   0.02159         0       nan  0.004199       nan        29       960     0.868    0.8169    0.9016    0.6589   0.02081   0.01079         0
    85/299     12.9G   0.02487   0.02181         0    0.1071  0.004207     0.158        37       960    0.8652    0.8193    0.9019      0.66   0.02073   0.01076         0
    86/299     12.9G   0.02462   0.02158         0    0.1049  0.004173    0.1553        34       960     0.867    0.8188    0.9028    0.6617   0.02065   0.01072         0
    87/299     12.9G   0.02464   0.02153         0    0.1052  0.004176    0.1556        41       960    0.8558    0.8298    0.9031    0.6632   0.02057   0.01069         0
    88/299     12.9G   0.02473   0.02165         0    0.1055   0.00418    0.1561        38       960    0.8592    0.8274    0.9035    0.6649   0.02049   0.01065         0
    89/299     12.9G   0.02464   0.02171         0    0.1054  0.004182    0.1559        34       960     0.857    0.8297    0.9043    0.6662   0.02041   0.01062         0
    90/299     12.9G   0.02468   0.02167         0    0.1051  0.004176    0.1556        29       960    0.8598    0.8282    0.9052    0.6676   0.02034   0.01059         0
    91/299     12.9G   0.02451    0.0216         0    0.1045  0.004159    0.1547        27       960    0.8744    0.8179    0.9065    0.6691   0.02027   0.01057         0
    92/299     12.9G   0.02451   0.02145         0    0.1042  0.004155    0.1543        25       960    0.8627    0.8293    0.9069    0.6705    0.0202   0.01055         0
    93/299     12.9G    0.0245   0.02151         0    0.1049  0.004159    0.1551        19       960    0.8601    0.8316    0.9074    0.6715   0.02015   0.01052         0
    94/299     12.9G   0.02449   0.02147         0    0.1044  0.004148    0.1546        40       960    0.8608    0.8323    0.9079    0.6722    0.0201   0.01051         0
    95/299     12.9G   0.02446   0.02144         0    0.1042  0.004151    0.1543        49       960    0.8675    0.8271    0.9084     0.673   0.02005   0.01049         0
    96/299     12.9G   0.02441   0.02146         0       nan  0.004142       nan        22       960    0.8667     0.829    0.9094    0.6733   0.01999   0.01047         0
    97/299     12.9G   0.02446   0.02151         0    0.1042  0.004146    0.1543        25       960    0.8724    0.8251    0.9097    0.6745   0.01995   0.01045         0
    98/299     12.9G   0.02473   0.02172         0       nan  0.004154       nan        29       960    0.8688    0.8256    0.9087    0.6732   0.01998   0.01046         0
    99/299     12.9G   0.02461   0.02155         0    0.1048   0.00415    0.1551        31       960    0.8674    0.8238    0.9075    0.6718   0.02002   0.01048         0
   100/299     12.9G   0.02434   0.02156         0    0.1032  0.004131    0.1532        31       960    0.8671    0.8219     0.907    0.6715      0.02   0.01048         0
   101/299     12.9G   0.02427   0.02147         0     0.103  0.004131    0.1528        44       960    0.8532    0.8328    0.9069    0.6723   0.01996   0.01047         0
   102/299     12.9G   0.02433   0.02142         0    0.1033  0.004119    0.1532        28       960    0.8511    0.8364    0.9076    0.6727   0.01992   0.01045         0
   103/299     12.9G   0.02428   0.02132         0       nan  0.004118       nan        43       960    0.8545    0.8351    0.9082    0.6738   0.01987   0.01044         0
   104/299     12.9G   0.02425   0.02143         0    0.1023  0.004112    0.1521        22       960    0.8545     0.836    0.9084    0.6745   0.01981   0.01042         0
   105/299     12.9G   0.02426   0.02141         0    0.1027  0.004113    0.1525        42       960    0.8597    0.8304    0.9091    0.6751   0.01977   0.01041         0
   106/299     12.9G   0.02412   0.02116         0    0.1017   0.00411    0.1511        29       960    0.8562    0.8336    0.9095     0.676   0.01972   0.01039         0
   107/299     12.9G   0.02423   0.02129         0    0.1024  0.004104    0.1521        41       960    0.8508    0.8387    0.9098    0.6764   0.01967   0.01038         0
   108/299     12.9G   0.02426   0.02132         0    0.1031  0.004111    0.1528        20       960     0.859    0.8311    0.9101    0.6776   0.01964   0.01037         0
   109/299     12.9G   0.02412   0.02133         0    0.1019  0.004099    0.1514        40       960    0.8664    0.8256    0.9101     0.678    0.0196   0.01036         0
   110/299     12.9G   0.02403   0.02125         0    0.1013  0.004092    0.1507        59       960    0.8654    0.8286    0.9106    0.6785   0.01956   0.01035         0
   111/299     12.9G   0.02418    0.0213         0    0.1024  0.004095     0.152        35       960    0.8651    0.8282    0.9112     0.679   0.01953   0.01034         0
   112/299     12.9G   0.02388   0.02117         0    0.1005  0.004075    0.1496        41       960    0.8502    0.8423    0.9114    0.6802   0.01949   0.01033         0
   113/299     12.9G   0.02394   0.02125         0    0.1007  0.004083      0.15        46       960    0.8528    0.8427    0.9119    0.6809   0.01946   0.01032         0
   114/299     12.9G   0.02385   0.02106         0    0.1003  0.004065    0.1493        27       960    0.8509    0.8456     0.912    0.6817   0.01943   0.01031         0
   115/299     12.9G   0.02381   0.02109         0   0.09983  0.004063    0.1488        39       960    0.8513    0.8462    0.9125    0.6829   0.01939    0.0103         0
   116/299     12.9G   0.02392   0.02115         0    0.1008  0.004066    0.1499        31       960    0.8555    0.8418    0.9125    0.6838   0.01935   0.01029         0
   117/299     12.9G   0.02365   0.02102         0   0.09917  0.004059    0.1479        20       960    0.8518    0.8451    0.9126    0.6842   0.01932   0.01028         0
   118/299     12.9G   0.02385   0.02117         0   0.09997  0.004067    0.1491        26       960     0.857    0.8401    0.9127    0.6851   0.01928   0.01026         0
   119/299     12.9G   0.02386   0.02112         0       nan  0.004058       nan        26       960    0.8482    0.8492     0.913    0.6857   0.01925   0.01025         0
   120/299     12.9G   0.02381   0.02112         0   0.09967  0.004054    0.1487        24       960    0.8505    0.8483    0.9135    0.6863   0.01922   0.01024         0
   121/299     12.9G   0.02378   0.02105         0   0.09974  0.004054    0.1486        33       960    0.8548     0.844    0.9134    0.6866    0.0192   0.01024         0
   122/299     12.9G   0.02383   0.02116         0    0.1003  0.004049    0.1493        39       960     0.857    0.8417    0.9138     0.687   0.01917   0.01023         0
   123/299     12.9G   0.02381   0.02111         0    0.1006  0.004049    0.1496        36       960    0.8549     0.844    0.9139    0.6875   0.01914   0.01022         0
   124/299     12.9G    0.0236   0.02084         0   0.09867  0.004029    0.1471        42       960    0.8511    0.8481    0.9146     0.688   0.01912   0.01021         0
   125/299     12.9G   0.02355   0.02091         0   0.09826  0.004027    0.1468        31       960    0.8533     0.846    0.9149    0.6882   0.01911   0.01021         0
   126/299     12.9G   0.02352   0.02098         0   0.09848  0.004032     0.147        23       960    0.8551    0.8473     0.915    0.6886   0.01908    0.0102         0
   127/299     12.9G   0.02345   0.02084         0   0.09783  0.004013    0.1461        37       960    0.8581     0.844    0.9148     0.689   0.01906   0.01019         0
   128/299     12.9G   0.02347   0.02089         0   0.09766  0.004011     0.146        16       960    0.8569    0.8449    0.9148    0.6895   0.01905   0.01018         0
   129/299     12.9G   0.02335    0.0207         0   0.09688  0.003999    0.1449        39       960    0.8561    0.8468    0.9156    0.6898   0.01903   0.01017         0
   130/299     12.9G   0.02348   0.02095         0       nan  0.004013       nan        26       960    0.8698    0.8352    0.9159      0.69   0.01901   0.01016         0
   131/299     12.9G    0.0234   0.02076         0   0.09708  0.003995    0.1452        33       960    0.8701    0.8353    0.9161    0.6904   0.01899   0.01016         0
   132/299     12.9G    0.0234   0.02084         0   0.09776     0.004     0.146        42       960    0.8692    0.8371    0.9164    0.6912   0.01897   0.01015         0
   133/299     12.9G   0.02339   0.02085         0   0.09736  0.003987    0.1456        42       960    0.8656    0.8386    0.9164    0.6917   0.01894   0.01014         0
   134/299     12.9G   0.02335   0.02076         0   0.09708  0.003994    0.1452        30       960    0.8598     0.844    0.9165    0.6919   0.01892   0.01014         0
   135/299     12.9G   0.02336   0.02068         0   0.09678  0.003989    0.1448        50       960     0.865    0.8397    0.9159    0.6919    0.0189   0.01013         0
   136/299     12.9G   0.02328   0.02075         0   0.09683   0.00398    0.1448        34       960    0.8645    0.8389    0.9161    0.6925   0.01888   0.01012         0
   137/299     12.9G   0.02316   0.02064         0       nan  0.003971       nan        49       960    0.8603    0.8428    0.9161    0.6926   0.01885   0.01011         0
   138/299     12.9G   0.02391   0.02124         0   0.09902  0.004009    0.1482        34       960    0.8669    0.8388    0.9162    0.6928   0.01888   0.01011         0
   139/299     12.9G   0.02346   0.02092         0   0.09792  0.003983    0.1463        23       960    0.8676    0.8372    0.9159    0.6923   0.01888   0.01011         0
   140/299     12.9G   0.02329   0.02079         0   0.09655  0.003969    0.1446        31       960    0.8696    0.8369    0.9158    0.6929   0.01887   0.01011         0
   141/299     12.9G   0.02322   0.02062         0   0.09653  0.003965    0.1443        32       960    0.8633    0.8421     0.916    0.6935   0.01885   0.01011         0
   142/299     12.9G   0.02317   0.02068         0   0.09566  0.003961    0.1435        37       960    0.8716    0.8352    0.9163    0.6938   0.01883    0.0101         0
   143/299     12.9G   0.02312    0.0207         0   0.09574  0.003955    0.1435        32       960    0.8681    0.8385    0.9169    0.6944   0.01881   0.01009         0
   144/299     12.9G   0.02307   0.02068         0       nan  0.003938       nan        33       960    0.8648    0.8415     0.917    0.6947   0.01879   0.01009         0
   145/299     12.9G   0.02299   0.02052         0   0.09514  0.003942    0.1426        24       960    0.8717    0.8356    0.9172    0.6951   0.01878   0.01009         0
   146/299     12.9G   0.02289   0.02045         0   0.09452  0.003931    0.1418        29       960     0.862    0.8457    0.9176    0.6956   0.01876   0.01008         0
   147/299     12.9G   0.02297   0.02052         0    0.0946  0.003928     0.142        31       960    0.8748     0.835    0.9176    0.6955   0.01874   0.01007         0
   148/299     12.9G   0.02284   0.02045         0   0.09358  0.003917    0.1408        36       960    0.8769    0.8335    0.9182    0.6956   0.01872   0.01007         0
   149/299     12.9G   0.02279   0.02039         0   0.09357  0.003914    0.1407        21       960    0.8737    0.8356    0.9183    0.6957    0.0187   0.01006         0
   150/299     12.9G   0.02276   0.02036         0   0.09357  0.003915    0.1406        58       960    0.8561     0.852    0.9185    0.6971   0.01868   0.01005         0
   151/299     12.9G   0.02279   0.02044         0   0.09384  0.003913     0.141        30       960    0.8703    0.8395    0.9186    0.6972   0.01866   0.01004         0
   152/299     12.9G   0.02291   0.02054         0   0.09415  0.003918    0.1415        29       960    0.8636    0.8465    0.9192    0.6979   0.01864   0.01003         0
   153/299     12.9G   0.02297   0.02053         0   0.09461  0.003918     0.142        18       960    0.8712    0.8404    0.9194    0.6976   0.01862   0.01003         0
   154/299     12.9G   0.02288   0.02055         0   0.09393  0.003899    0.1413        25       960     0.872    0.8401    0.9193     0.698   0.01861   0.01002         0
   155/299     12.9G   0.02279   0.02053         0   0.09287  0.003893    0.1401        37       960    0.8734    0.8375     0.919    0.6981   0.01859   0.01002         0
   156/299     12.9G   0.02274   0.02034         0   0.09307  0.003893      0.14        23       960    0.8752    0.8349    0.9189    0.6986   0.01857   0.01002         0
   157/299     12.9G   0.02269   0.02029         0   0.09226  0.003873    0.1391        29       960    0.8809    0.8313    0.9193     0.699   0.01855   0.01001         0
   158/299     12.9G   0.02265   0.02032         0    0.0928   0.00388    0.1396        30       960     0.885    0.8278    0.9195    0.6993   0.01853   0.01001         0
   159/299     12.9G   0.02289   0.02045         0   0.09403  0.003891    0.1413        22       960    0.8839    0.8287    0.9193    0.6986   0.01853      0.01         0
   160/299     12.9G   0.02266   0.02034         0   0.09254  0.003874    0.1394        32       960    0.8796    0.8312    0.9191    0.6976   0.01853      0.01         0
   161/299     12.9G   0.02262   0.02033         0   0.09242   0.00387    0.1392        46       960     0.887     0.826    0.9195    0.6977   0.01852  0.009998         0
   162/299     12.9G   0.02257   0.02028         0    0.0927  0.003865    0.1394        37       960    0.8644    0.8463    0.9198    0.6981    0.0185  0.009995         0
   163/299     12.9G   0.02256   0.02017         0    0.0917  0.003858    0.1383        63       960    0.8723    0.8386    0.9196    0.6988   0.01848  0.009988         0
   164/299     12.9G   0.02245    0.0201         0   0.09099  0.003846    0.1374        22       960    0.8644    0.8461    0.9195    0.6989   0.01846  0.009979         0
   165/299     12.9G   0.02262   0.02026         0   0.09192  0.003853    0.1386        42       960    0.8593     0.853      0.92    0.6998   0.01844  0.009971         0
   166/299     12.9G   0.02249   0.02024         0       nan  0.003846       nan        21       960    0.8618    0.8517    0.9202    0.7007   0.01843  0.009965         0
   167/299     12.9G   0.02242   0.02013         0   0.09069  0.003832    0.1371        39       960    0.8604    0.8528    0.9203    0.7007   0.01841  0.009958         0
   168/299     12.9G   0.02233   0.02016         0   0.09092  0.003829    0.1372        22       960    0.8701    0.8439    0.9204    0.7015    0.0184  0.009953         0
   169/299     12.9G   0.02238   0.02017         0       nan  0.003826       nan        17       960    0.8703    0.8448    0.9209    0.7014   0.01838  0.009945         0
   170/299     12.9G    0.0224    0.0202         0   0.09089  0.003828    0.1373        27       960    0.8698    0.8468     0.921     0.702   0.01836  0.009933         0
   171/299     12.9G   0.02231   0.02015         0   0.09021  0.003811    0.1365        15       960    0.8685    0.8477     0.921    0.7022   0.01835  0.009924         0
   172/299     12.9G   0.02217   0.02006         0    0.0896  0.003813    0.1356        20       960    0.8716    0.8443     0.921    0.7026   0.01833  0.009916         0
   173/299     12.9G    0.0222      0.02         0   0.08961  0.003805    0.1356        38       960    0.8581    0.8568    0.9213    0.7032   0.01832  0.009907         0
   174/299     12.9G    0.0222   0.02008         0   0.08975  0.003797    0.1358        29       960    0.8595    0.8569    0.9217    0.7038    0.0183  0.009898         0
   175/299     12.9G   0.02202   0.01993         0   0.08889  0.003789    0.1346        37       960    0.8642    0.8526    0.9216    0.7038   0.01829  0.009885         0
   176/299     12.9G   0.02209   0.01995         0   0.08925  0.003786    0.1351        28       960    0.8771    0.8413    0.9222     0.704   0.01827  0.009876         0
   177/299     12.9G   0.02202   0.01995         0   0.08877  0.003783    0.1345        23       960    0.8693     0.849    0.9224    0.7042   0.01825  0.009865         0
   178/299     12.9G   0.02208   0.02002         0    0.0893  0.003781    0.1352        13       960    0.8677    0.8505    0.9225    0.7045   0.01824  0.009857         0
   179/299     12.9G     0.022    0.0199         0    0.0889  0.003773    0.1346        36       960    0.8673    0.8521    0.9226    0.7046   0.01822  0.009846         0
   180/299     12.9G   0.02194   0.01983         0   0.08851  0.003768     0.134        42       960    0.8656    0.8539    0.9226    0.7044   0.01821  0.009836         0
   181/299     12.9G   0.02205    0.0199         0   0.08874  0.003766    0.1345        48       960    0.8643    0.8552    0.9224    0.7046   0.01819  0.009825         0
   182/299     12.9G   0.02191   0.01972         0   0.08811  0.003759    0.1335        28       960     0.867    0.8544     0.923    0.7047   0.01817  0.009815         0
   183/299     12.9G   0.02194   0.01981         0   0.08791  0.003751    0.1334        28       960    0.8703    0.8515    0.9234    0.7051   0.01815  0.009805         0
   184/299     12.9G   0.02185   0.01974         0   0.08813  0.003755    0.1335        25       960    0.8686    0.8537    0.9235    0.7057   0.01814  0.009796         0
   185/299     12.9G   0.02187   0.01976         0   0.08794  0.003742    0.1333        47       960    0.8708    0.8519    0.9238    0.7061   0.01812  0.009784         0
   186/299     12.9G   0.02189   0.01973         0    0.0879  0.003733    0.1333        30       960    0.8723    0.8515    0.9241    0.7063   0.01811  0.009778         0
   187/299     12.9G   0.02175   0.01981         0   0.08706  0.003731    0.1323        23       960    0.8724    0.8515    0.9243    0.7065   0.01809  0.009767         0
   188/299     12.9G   0.02177   0.01976         0   0.08702   0.00372    0.1323        22       960    0.8725    0.8523    0.9245    0.7068   0.01808  0.009762         0
   189/299     12.9G   0.02165   0.01962         0    0.0863  0.003719    0.1313        33       960     0.873    0.8512     0.925     0.707   0.01806  0.009755         0
   190/299     12.9G    0.0217   0.01957         0   0.08714  0.003725    0.1321        35       960    0.8736    0.8506    0.9254    0.7073   0.01804  0.009748         0
   191/299     12.9G   0.02168   0.01972         0   0.08626  0.003706    0.1314        39       960    0.8743    0.8498    0.9254    0.7077   0.01803  0.009741         0
   192/299     12.9G   0.02151   0.01945         0   0.08573  0.003698    0.1304        26       960     0.869    0.8537    0.9255    0.7075   0.01802  0.009735         0
   193/299     12.9G   0.02156   0.01952         0   0.08603  0.003702    0.1308        37       960    0.8693    0.8537    0.9256    0.7079   0.01801  0.009727         0
   194/299     12.9G   0.02151   0.01957         0   0.08578  0.003705    0.1306        23       960    0.8699    0.8531    0.9257    0.7081   0.01799  0.009721         0
   195/299     12.9G   0.02153   0.01956         0   0.08549  0.003689    0.1303        31       960    0.8705    0.8528    0.9261    0.7083   0.01798  0.009713         0
   196/299     12.9G   0.02146   0.01941         0   0.08518  0.003677    0.1297        35       960    0.8672    0.8555    0.9261    0.7087   0.01796  0.009705         0
   197/299     12.9G   0.02149   0.01956         0   0.08579  0.003688    0.1305        37       960    0.8702    0.8528    0.9262     0.709   0.01795  0.009699         0
   198/299     12.9G   0.02152   0.01957         0   0.08564  0.003679    0.1304        33       960    0.8691    0.8554    0.9266    0.7093   0.01794  0.009691         0
   199/299     12.9G    0.0216   0.01965         0   0.08594  0.003684    0.1309        17       960    0.8685    0.8564    0.9267    0.7097   0.01793  0.009688         0
   200/299     12.9G   0.02138   0.01949         0       nan  0.003669       nan        14       960    0.8661    0.8581    0.9269    0.7095   0.01792  0.009684         0
   201/299     12.9G    0.0213   0.01939         0   0.08387  0.003651    0.1282        24       960    0.8682    0.8567    0.9271    0.7096   0.01791  0.009674         0
   202/299     12.9G   0.02131   0.01947         0   0.08433  0.003647    0.1288        40       960     0.869    0.8564    0.9274      0.71    0.0179  0.009668         0
   203/299     12.9G   0.02136   0.01946         0   0.08444  0.003644    0.1289        44       960    0.8695    0.8562    0.9273    0.7102   0.01789  0.009664         0
   204/299     12.9G   0.02133   0.01941         0   0.08427  0.003638    0.1287        25       960    0.8655    0.8615    0.9274    0.7104   0.01788   0.00966         0
   205/299     12.9G    0.0211   0.01922         0   0.08298  0.003619    0.1269        18       960    0.8649     0.861    0.9273    0.7104   0.01787  0.009653         0
   206/299     12.9G   0.02115   0.01921         0   0.08309  0.003631    0.1271        42       960     0.864    0.8628    0.9275    0.7107   0.01786  0.009645         0
   207/299     12.9G   0.02121   0.01925         0   0.08356  0.003624    0.1276        29       960    0.8739    0.8523    0.9273    0.7108   0.01785  0.009638         0
   208/299     12.9G   0.02121   0.01935         0   0.08372  0.003643    0.1279        19       960     0.864    0.8632    0.9279    0.7106   0.01784   0.00963         0
   209/299     12.9G   0.02109   0.01922         0   0.08274  0.003617    0.1267        19       960     0.858    0.8706    0.9279    0.7105   0.01783  0.009622         0
   210/299     12.9G   0.02105   0.01928         0       nan  0.003603       nan        27       960    0.8624    0.8676    0.9284    0.7115   0.01781  0.009615         0
   211/299     12.9G   0.02109   0.01931         0   0.08237    0.0036    0.1264        23       960     0.862    0.8689    0.9288    0.7121   0.01779  0.009607         0
   212/299     12.9G   0.02092   0.01916         0       nan  0.003591       nan        30       960    0.8618     0.869    0.9289    0.7127   0.01778  0.009599         0
   213/299     12.9G   0.02094   0.01919         0   0.08223  0.003589     0.126        26       960    0.8607    0.8698    0.9291    0.7126   0.01777  0.009593         0
   214/299     12.9G     0.021   0.01921         0   0.08212  0.003584    0.1259        35       960    0.8677    0.8627    0.9294     0.713   0.01776  0.009588         0
   215/299     12.9G   0.02084   0.01903         0   0.08113  0.003568    0.1246        27       960    0.8708    0.8596     0.929    0.7127   0.01774   0.00958         0
   216/299     12.9G   0.02072   0.01892         0    0.0807   0.00356    0.1239        26       960    0.8684    0.8614    0.9284    0.7118   0.01773  0.009576         0
   217/299     12.9G   0.02089   0.01904         0   0.08157  0.003577    0.1251        46       960    0.8603    0.8689    0.9272    0.7115   0.01771  0.009571         0
   218/299     12.9G    0.0209   0.01918         0       nan  0.003569       nan        23       960    0.8578    0.8696    0.9226    0.7068    0.0177   0.00957         0
   219/299     12.9G   0.02069   0.01906         0   0.08073  0.003555     0.124        36       960    0.8524    0.8695    0.9131    0.6978   0.01769  0.009582         0
   220/299     12.9G   0.02069   0.01898         0   0.08049  0.003545    0.1237        53       960    0.8619    0.8606    0.9149    0.7001   0.01768  0.009572         0
   221/299     12.9G    0.0206   0.01902         0    0.0802  0.003548    0.1234        46       960    0.8671    0.8601    0.9194    0.7041   0.01767  0.009556         0
   222/299     12.9G   0.02072   0.01898         0   0.08048  0.003539    0.1237        28       960    0.8662    0.8627    0.9225    0.7075   0.01766  0.009545         0
   223/299     12.9G   0.02068   0.01897         0   0.07986  0.003528     0.123        37       960    0.8658    0.8632    0.9231    0.7083   0.01765  0.009539         0
   224/299     12.9G   0.02062   0.01892         0   0.07992  0.003527     0.123        39       960    0.8638    0.8638    0.9217    0.7072   0.01763  0.009538         0
   225/299     12.9G   0.02054   0.01889         0       nan  0.003518       nan        18       960    0.8669    0.8643    0.9271    0.7127   0.01761  0.009521         0
   226/299     12.9G   0.02061   0.01906         0   0.07973  0.003526    0.1229        24       960    0.8706    0.8611    0.9274     0.712    0.0176  0.009519         0
   227/299     12.9G   0.02059   0.01899         0   0.07923  0.003511    0.1223        32       960    0.8553    0.8692    0.9167    0.7024   0.01759  0.009534         0
   228/299     12.9G   0.02052   0.01891         0   0.07935  0.003516    0.1223        38       960    0.8418    0.8712    0.8977    0.6849   0.01759  0.009591         0
   229/299     12.9G   0.02047   0.01886         0   0.07911  0.003501    0.1219        59       960    0.8291    0.8644    0.8686    0.6593   0.01758  0.009698         0
   230/299     12.9G   0.02048   0.01885         0   0.07907  0.003503    0.1219        24       960    0.8259    0.8676    0.8683    0.6593   0.01757  0.009692         0
   231/299     12.9G   0.02032   0.01867         0   0.07831   0.00349    0.1208        32       960    0.8213    0.8599    0.8541    0.6469   0.01755  0.009765         0
   232/299     12.9G   0.02033   0.01864         0   0.07803  0.003485    0.1205        29       960    0.8094    0.8666    0.8427    0.6375   0.01754  0.009826         0
   233/299     12.9G   0.02034   0.01869         0   0.07797   0.00348    0.1205        35       960    0.8051    0.8684    0.8443    0.6394   0.01752  0.009821         0
   234/299     12.9G   0.02026   0.01869         0   0.07752  0.003469    0.1199        27       960    0.8115    0.8696    0.8522    0.6474   0.01751  0.009782         0
   235/299     12.9G   0.02023   0.01877         0       nan  0.003468       nan        23       960    0.8165    0.8702    0.8558    0.6504    0.0175  0.009754         0
   236/299     12.9G   0.02017   0.01869         0   0.07757   0.00347    0.1199        43       960    0.8396    0.8648    0.8841    0.6761   0.01748  0.009582         0
   237/299     12.9G   0.02009   0.01862         0    0.0768  0.003456     0.119        40       960    0.8602    0.8666    0.9118    0.7014   0.01746  0.009492         0
   238/299     12.9G   0.02007   0.01859         0   0.07674  0.003447    0.1189        33       960    0.8631    0.8648    0.9162    0.7058   0.01745  0.009478         0
   239/299     12.9G   0.02009   0.01862         0   0.07689  0.003445     0.119        37       960    0.8564    0.8722    0.9163     0.706   0.01744  0.009472         0
   240/299     12.9G   0.02017   0.01861         0   0.07705  0.003447    0.1193        20       960    0.8677    0.8649    0.9239     0.713   0.01742  0.009454         0
   241/299     12.9G   0.02004   0.01863         0   0.07624  0.003433    0.1183        16       960    0.8707    0.8618    0.9218    0.7116   0.01741  0.009448         0
   242/299     12.9G   0.01998   0.01853         0   0.07585  0.003423    0.1178        46       960    0.8697    0.8615    0.9196    0.7091    0.0174  0.009443         0
   243/299     12.9G   0.01989   0.01851         0   0.07568  0.003418    0.1175        24       960    0.8678    0.8624    0.9195    0.7091   0.01739  0.009435         0
   244/299     12.9G   0.01995   0.01843         0   0.07642  0.003425    0.1182        31       960    0.8548    0.8756    0.9177    0.7068   0.01738  0.009436         0
   245/299     12.9G   0.01998   0.01849         0   0.07586   0.00342    0.1177        43       960    0.8572    0.8687    0.9129    0.7031   0.01737  0.009449         0
   246/299     12.9G   0.01993   0.01854         0    0.0754  0.003412    0.1173        27       960    0.8584    0.8657    0.9104    0.7014   0.01737  0.009453         0
   247/299     12.9G   0.01988   0.01849         0   0.07541   0.00341    0.1172        28       960     0.861    0.8689    0.9156    0.7046   0.01736  0.009445         0
   248/299     12.9G   0.01986   0.01838         0   0.07505  0.003396    0.1167        24       960    0.8617     0.869    0.9144     0.704   0.01735  0.009445         0
   249/299     12.9G   0.01989   0.01856         0   0.07521  0.003399    0.1171        47       960    0.8583    0.8691    0.9097    0.6987   0.01734  0.009463         0
   250/299     12.9G   0.01988   0.01846         0   0.07522  0.003398     0.117        46       960    0.8546    0.8671    0.9017    0.6921   0.01734  0.009483         0
   251/299     12.9G   0.01967   0.01834         0   0.07396  0.003369    0.1153        29       960    0.8512    0.8665    0.8996    0.6908   0.01733  0.009472         0
   252/299     12.9G   0.01978   0.01838         0   0.07456  0.003378    0.1161        33       960    0.8535    0.8645    0.8978    0.6894   0.01732   0.00946         0
   253/299     12.9G   0.01986    0.0185         0   0.07465  0.003386    0.1164        32       960    0.8424     0.877    0.9042    0.6951   0.01732  0.009441         0
   254/299     12.9G   0.01963   0.01831         0   0.07381  0.003364    0.1151        25       960     0.852    0.8737    0.9095    0.6999   0.01731  0.009415         0
   255/299     12.9G   0.01963   0.01832         0   0.07395   0.00337    0.1153        26       960    0.8535     0.874    0.9159    0.7054    0.0173  0.009408         0
   256/299     12.9G   0.01968   0.01836         0     0.074  0.003362    0.1154        37       960    0.8522    0.8744    0.9136    0.7024    0.0173  0.009408         0
   257/299     12.9G   0.01965   0.01832         0   0.07365  0.003356     0.115        30       960    0.8481    0.8788    0.9118    0.7015   0.01729  0.009406         0
   258/299     12.9G   0.01959   0.01819         0   0.07342  0.003352    0.1146        20       960    0.8502    0.8768    0.9119     0.702   0.01727  0.009398         0
   259/299     12.9G   0.01955   0.01827         0   0.07351  0.003353    0.1147        26       960    0.8514    0.8797    0.9204    0.7094   0.01727  0.009381         0
   260/299     12.9G    0.0195   0.01816         0   0.07281  0.003334    0.1138        38       960    0.8573     0.878    0.9256    0.7144   0.01726  0.009368         0
   261/299     12.9G   0.01938    0.0181         0   0.07223  0.003325     0.113        27       960    0.8606     0.878    0.9302    0.7188   0.01725  0.009359         0
   262/299     12.9G   0.01941   0.01813         0   0.07235  0.003326    0.1132        45       960    0.8619    0.8782    0.9327    0.7218   0.01724  0.009354         0
   263/299     12.9G   0.01937   0.01815         0   0.07236  0.003324    0.1132        29       960    0.8652    0.8753    0.9328    0.7216   0.01723  0.009351         0
   264/299     12.9G   0.01938   0.01813         0    0.0723  0.003323    0.1131        21       960    0.8685    0.8724    0.9336    0.7229   0.01723  0.009348         0
   265/299     12.9G   0.01938   0.01802         0   0.07219  0.003323    0.1129        27       960    0.8695    0.8719    0.9336    0.7225   0.01722  0.009343         0
   266/299     12.9G   0.01935   0.01815         0   0.07204  0.003312    0.1128        19       960    0.8656    0.8763    0.9333    0.7232   0.01721  0.009342         0
   267/299     12.9G   0.01929     0.018         0   0.07129  0.003299    0.1119        42       960    0.8661    0.8758    0.9327    0.7226   0.01721   0.00934         0
   268/299     12.9G    0.0193   0.01797         0    0.0716  0.003305    0.1122        33       960    0.8693    0.8726    0.9329    0.7231    0.0172  0.009337         0
   269/299     12.9G   0.01926     0.018         0   0.07169  0.003293    0.1122        28       960     0.869    0.8737     0.932    0.7217   0.01719  0.009334         0
   270/299     12.9G   0.01923   0.01799         0   0.07138  0.003294    0.1119        27       960    0.8678    0.8732    0.9307    0.7205   0.01717  0.009333         0
   271/299     12.9G   0.01924   0.01796         0   0.07135  0.003284    0.1118        25       960    0.8656    0.8731    0.9285    0.7187   0.01716   0.00933         0
   272/299     12.9G   0.01916   0.01797         0   0.07075  0.003283    0.1112        25       960     0.864    0.8745     0.928    0.7176   0.01715  0.009328         0
   273/299     12.9G   0.01913   0.01788         0   0.07062  0.003273    0.1109        29       960     0.863    0.8746    0.9255    0.7165   0.01714  0.009325         0
   274/299     12.9G   0.01914   0.01793         0   0.07077  0.003268    0.1111        41       960    0.8623    0.8781    0.9267    0.7176   0.01713  0.009321         0
   275/299     12.9G   0.01929   0.01805         0   0.07107  0.003274    0.1117        39       960    0.8615      0.88    0.9287    0.7194   0.01712  0.009319         0
   276/299     12.9G   0.01932   0.01806         0   0.07127  0.003273    0.1119        29       960    0.8666    0.8731    0.9268    0.7188   0.01711   0.00932         0
   277/299     12.9G   0.01914   0.01797         0    0.0706  0.003273     0.111        23       960    0.8523    0.8799    0.9142    0.7073   0.01711  0.009333         0
   278/299     12.9G   0.01912   0.01796         0   0.07037  0.003262    0.1107        27       960    0.8444    0.8816    0.9049     0.699    0.0171  0.009349         0
   279/299     12.9G   0.01899   0.01779         0   0.06997   0.00325      0.11        34       960      0.84    0.8767    0.8903    0.6848   0.01709  0.009386         0
   280/299     12.9G   0.01903   0.01782         0      0.07  0.003253    0.1101        28       960    0.8298    0.8745    0.8739    0.6709   0.01709   0.00944         0
   281/299     12.9G   0.01897   0.01786         0   0.06977  0.003244    0.1098        23       960    0.8101     0.877    0.8542    0.6547   0.01708  0.009529         0
   282/299     12.9G   0.01908   0.01791         0   0.07024  0.003259    0.1105        41       960    0.7933    0.8766    0.8275    0.6303   0.01708  0.009656         0
   283/299     12.9G   0.01905   0.01781         0   0.06994  0.003241      0.11        26       960    0.7663    0.8785    0.7986     0.606   0.01708  0.009836         0
   284/299     12.9G   0.01902   0.01789         0   0.06976  0.003243    0.1099        29       960    0.7771    0.8789    0.8132    0.6179   0.01707  0.009758         0
   285/299     12.9G   0.01911   0.01795         0   0.07011   0.00324    0.1104        38       960    0.7931    0.8781      0.83    0.6319   0.01706  0.009681         0
   286/299     12.9G   0.01896   0.01774         0   0.06954  0.003229    0.1095        43       960    0.7856    0.8833    0.8274     0.631   0.01705   0.00966         0
   287/299     12.9G   0.01896   0.01775         0   0.06943  0.003231    0.1094        29       960    0.8207    0.8809    0.8674    0.6638   0.01705  0.009486         0
   288/299     12.9G   0.01893   0.01768         0   0.06949  0.003226    0.1093        31       960    0.8507     0.873    0.8978    0.6919   0.01704  0.009381         0
   289/299     12.9G   0.01896   0.01778         0   0.06937  0.003226    0.1093        30       960    0.8578    0.8743    0.9112    0.7055   0.01704  0.009341         0
   290/299     12.9G   0.01896   0.01784         0   0.06952   0.00323    0.1095        26       960    0.8698    0.8688    0.9204    0.7139   0.01703  0.009323         0
   291/299     12.9G   0.01892   0.01775         0   0.06903  0.003223    0.1089        49       960    0.8736     0.869    0.9257    0.7188   0.01703  0.009312         0
   292/299     12.9G   0.01894   0.01778         0   0.06947  0.003222    0.1094        33       960    0.8722    0.8702    0.9268    0.7203   0.01702  0.009306         0
   293/299     12.9G   0.01886    0.0177         0   0.06906  0.003221    0.1088        33       960    0.8747    0.8701    0.9299    0.7226   0.01702  0.009299         0
   294/299     12.9G   0.01886   0.01772         0   0.06901  0.003215    0.1088        33       960    0.8718    0.8748    0.9327    0.7252   0.01702  0.009292         0
   295/299     12.9G   0.01899   0.01784         0   0.06999  0.003224      0.11        25       960    0.8841    0.8633    0.9333    0.7261   0.01702  0.009288         0
   296/299     12.9G   0.01884   0.01776         0   0.06881  0.003208    0.1086        30       960    0.8804    0.8665    0.9312    0.7238   0.01702  0.009284         0
   297/299     12.9G   0.01889   0.01775         0   0.06942  0.003214    0.1093        39       960    0.8732     0.872    0.9313    0.7243   0.01701  0.009284         0
   298/299     12.9G   0.01887   0.01769         0   0.06888  0.003207    0.1087        38       960    0.8824    0.8626    0.9288    0.7213   0.01702  0.009285         0
   299/299     12.9G   0.01888   0.01775         0   0.06907  0.003205    0.1089        27       960    0.8796    0.8626    0.9273    0.7215   0.01701  0.009285         0
