     0/299     5.47G   0.08028   0.03733         0    0.1832  0.008382    0.3092        33       960    0.1157    0.1897   0.07563   0.01665   0.06183   0.02118         0
     1/299     11.5G   0.05423   0.03328         0    0.1608  0.007604    0.2559        27       960    0.6268     0.573    0.5925    0.2522   0.04141   0.01729         0
     2/299     12.5G   0.04361   0.03023         0    0.1321  0.006827    0.2127        22       960    0.7535    0.6466    0.7212    0.3738   0.03491   0.01566         0
     3/299     12.5G   0.03796   0.02834         0    0.1135  0.006106    0.1859        35       960    0.7788    0.7108     0.789     0.465   0.03061   0.01436         0
     4/299     12.5G   0.03477   0.02705         0    0.1036   0.00556     0.171        35       960    0.7998    0.7347    0.8163    0.5047   0.02843   0.01373         0
     5/299     12.5G   0.03289   0.02609         0    0.0969  0.005243    0.1611        45       960    0.8208    0.7432     0.836    0.5355   0.02687   0.01318         0
     6/299     12.5G   0.03177    0.0255         0   0.09253  0.005058    0.1549        21       960    0.8216    0.7664    0.8493    0.5551   0.02589   0.01276         0
     7/299     12.5G   0.03078     0.025         0   0.08851   0.00491    0.1492        25       960    0.8437    0.7692    0.8633    0.5748   0.02492   0.01237         0
     8/299     12.5G   0.02989   0.02447         0   0.08512  0.004808    0.1443        45       960    0.8426    0.7861    0.8708    0.5869   0.02429   0.01211         0
     9/299     12.5G   0.02938   0.02407         0   0.08292  0.004733    0.1411        34       960    0.8482    0.7858     0.875     0.596   0.02377   0.01191         0
    10/299     12.5G   0.02877   0.02378         0   0.08021  0.004652    0.1374        29       960    0.8528    0.7886    0.8807    0.6056    0.0233   0.01173         0
    11/299     12.5G   0.02843   0.02344         0   0.07823  0.004612    0.1347        31       960     0.864    0.7827    0.8843    0.6123   0.02298   0.01162         0
    12/299     12.5G   0.02799    0.0233         0   0.07665  0.004562    0.1325        28       960    0.8585    0.7942    0.8874    0.6182   0.02272   0.01152         0
    13/299     12.5G   0.02767   0.02311         0   0.07484  0.004512    0.1301        30       960    0.8594    0.7975    0.8888    0.6228   0.02253   0.01144         0
    14/299     12.5G   0.02741   0.02283         0   0.07373  0.004486    0.1285        44       960    0.8789     0.783    0.8906    0.6257    0.0224   0.01139         0
    15/299     12.5G   0.02711   0.02262         0   0.07213  0.004443    0.1263        41       960    0.8812    0.7826    0.8923    0.6292   0.02231   0.01135         0
    16/299     12.5G   0.02692   0.02256         0   0.07115  0.004422    0.1251        21       960    0.8842    0.7815    0.8931    0.6312   0.02224   0.01132         0
    17/299     12.5G   0.02676   0.02254         0   0.07032  0.004393     0.124        28       960    0.8522    0.8101    0.8945    0.6325   0.02223   0.01132         0
    18/299     12.5G   0.02659   0.02237         0   0.06921  0.004355    0.1225        34       960    0.8524    0.8137    0.8959    0.6358   0.02222   0.01132         0
    19/299     12.5G   0.02636   0.02226         0   0.06825  0.004329    0.1212        35       960    0.8441    0.8235    0.8964    0.6372   0.02223   0.01133         0
    20/299     12.5G   0.02616   0.02219         0   0.06782  0.004312    0.1205        34       960    0.8488    0.8203    0.8974    0.6391   0.02227   0.01137         0
    21/299     12.5G   0.02607   0.02196         0   0.06665  0.004287     0.119        29       960    0.8461    0.8224    0.8978    0.6405   0.02234   0.01142         0
    22/299     12.5G   0.02605   0.02196         0   0.06665  0.004278    0.1189        46       960    0.8496    0.8223    0.8987    0.6418   0.02242   0.01148         0
    23/299     12.5G   0.02575    0.0218         0   0.06567  0.004245    0.1175        43       960    0.8465    0.8267    0.8993    0.6435   0.02253   0.01155         0
    24/299     12.5G   0.02585   0.02197         0   0.06554  0.004239    0.1176        36       960    0.8482    0.8253    0.8999    0.6442   0.02265   0.01164         0
    25/299     12.5G   0.02563   0.02177         0   0.06482  0.004228    0.1165        50       960    0.8489    0.8244    0.9007    0.6456   0.02279   0.01173         0
    26/299     12.5G   0.02537   0.02158         0   0.06368  0.004199    0.1148        48       960    0.8659    0.8094    0.9011    0.6469   0.02291   0.01184         0
    27/299     12.5G   0.02537   0.02155         0   0.06342  0.004189    0.1145        53       960    0.8645    0.8117    0.9022    0.6481   0.02304   0.01197         0
    28/299     12.5G   0.02525   0.02153         0   0.06362  0.004188    0.1146        58       960    0.8658    0.8129    0.9031    0.6488   0.02316    0.0121         0
    29/299     12.5G   0.02518    0.0215         0   0.06309  0.004171    0.1139        37       960    0.8759    0.8048    0.9038    0.6506   0.02328   0.01222         0
    30/299     12.5G   0.02509   0.02147         0   0.06257  0.004154    0.1133        32       960    0.8693    0.8125    0.9044    0.6525   0.02339   0.01233         0
    31/299     12.5G   0.02519   0.02158         0   0.06254  0.004152    0.1135        44       960    0.8674    0.8149    0.9052    0.6533   0.02351   0.01244         0
    32/299     12.5G   0.02513    0.0215         0   0.06222  0.004136     0.113        36       960    0.8693    0.8147    0.9063    0.6535   0.02361   0.01254         0
    33/299     12.5G   0.02487   0.02134         0   0.06179  0.004118    0.1121        27       960     0.864    0.8194    0.9064    0.6547   0.02368   0.01261         0
    34/299     12.5G   0.02472   0.02119         0   0.06095  0.004095     0.111        38       960    0.8636    0.8224    0.9067    0.6557    0.0237   0.01267         0
    35/299     12.5G   0.02474   0.02112         0   0.06086  0.004089    0.1108        22       960    0.8656    0.8215    0.9076     0.657   0.02372   0.01273         0
    36/299     12.5G   0.02467   0.02126         0   0.06085  0.004088    0.1109        31       960    0.8673     0.821    0.9087    0.6582    0.0237   0.01277         0
    37/299     12.5G   0.02461   0.02111         0   0.06055  0.004079    0.1103        33       960    0.8705    0.8194     0.909    0.6595   0.02367   0.01279         0
    38/299     12.5G   0.02458    0.0211         0   0.05989  0.004062    0.1096        22       960    0.8707    0.8215    0.9103    0.6606   0.02362   0.01279         0
    39/299     12.5G   0.02445   0.02108         0    0.0595  0.004058    0.1091        27       960    0.8681    0.8238    0.9109     0.662   0.02354   0.01278         0
    40/299     12.5G   0.02436   0.02103         0   0.05907  0.004045    0.1085        36       960    0.8951    0.8023     0.911    0.6632   0.02345   0.01276         0
    41/299     12.5G   0.02444   0.02097         0    0.0593  0.004047    0.1088        36       960    0.8652    0.8295    0.9117    0.6641   0.02333   0.01272         0
    42/299     12.5G   0.02451   0.02104         0   0.05969  0.004045    0.1093        28       960    0.8756    0.8214    0.9122    0.6657   0.02321   0.01266         0
    43/299     12.5G   0.02426   0.02096         0    0.0587  0.004021    0.1079        37       960    0.8764    0.8224    0.9128    0.6669   0.02309    0.0126         0
    44/299     12.5G   0.02426   0.02092         0   0.05851  0.004021    0.1077        44       960    0.8765    0.8232    0.9129    0.6678   0.02294   0.01252         0
    45/299     12.5G   0.02425   0.02092         0   0.05853  0.004018    0.1077        35       960    0.8769    0.8243    0.9135    0.6691   0.02278   0.01244         0
    46/299     12.5G   0.02409   0.02086         0   0.05794  0.004001    0.1069        27       960    0.8831    0.8205    0.9142    0.6698   0.02261   0.01235         0
    47/299     12.5G   0.02407   0.02077         0    0.0579  0.003996    0.1067        31       960    0.8826    0.8211    0.9146    0.6721   0.02243   0.01227         0
    48/299     12.5G   0.02396   0.02082         0   0.05759  0.003987    0.1064        38       960    0.8766    0.8257    0.9148    0.6735   0.02225   0.01216         0
    49/299     12.5G   0.02405    0.0209         0   0.05753  0.003984    0.1065        22       960    0.8802    0.8254    0.9158    0.6744   0.02207   0.01205         0
    50/299     12.5G   0.02393   0.02071         0   0.05724  0.003969    0.1058        33       960    0.8743    0.8314    0.9167    0.6758   0.02188   0.01192         0
    51/299     12.5G   0.02395   0.02075         0   0.05748  0.003962    0.1061        14       960    0.8895    0.8188     0.917    0.6768    0.0217   0.01181         0
    52/299     12.5G   0.02379   0.02055         0   0.05698  0.003953    0.1053        27       960    0.8661    0.8402    0.9172    0.6779   0.02152   0.01171         0
    53/299     12.5G   0.02377   0.02058         0   0.05666   0.00395     0.105        30       960    0.8737    0.8356    0.9181    0.6791   0.02135    0.0116         0
    54/299     12.5G   0.02376   0.02066         0   0.05669  0.003946    0.1051        37       960    0.8836    0.8282    0.9184    0.6802   0.02117    0.0115         0
    55/299     12.5G    0.0237   0.02064         0   0.05657  0.003943    0.1049        28       960    0.8841    0.8277    0.9189    0.6806     0.021    0.0114         0
    56/299     12.5G   0.02366   0.02051         0   0.05602   0.00393    0.1041        14       960    0.8842    0.8271    0.9191    0.6813   0.02085   0.01131         0
    57/299     12.5G   0.02365   0.02047         0   0.05641  0.003932    0.1045        38       960    0.8855    0.8267    0.9192    0.6819    0.0207   0.01121         0
    58/299     12.5G   0.02382   0.02082         0    0.0566  0.003935    0.1052        22       960    0.8888    0.8251    0.9193    0.6829   0.02054   0.01112         0
    59/299     12.5G   0.02367   0.02062         0   0.05645  0.003922    0.1047        27       960    0.8659     0.847    0.9191    0.6831    0.0204   0.01102         0
    60/299     12.5G   0.02352   0.02053         0    0.0556  0.003908    0.1036        38       960    0.8691    0.8446    0.9198    0.6831   0.02026   0.01094         0
    61/299     12.5G   0.02354   0.02051         0   0.05582    0.0039    0.1038        21       960    0.8862    0.8285    0.9201    0.6844   0.02012   0.01086         0
    62/299     12.5G   0.02347   0.02042         0   0.05564  0.003896    0.1034        19       960    0.8654    0.8486    0.9207    0.6847      0.02   0.01079         0
    63/299     12.5G   0.02334   0.02035         0   0.05514  0.003882    0.1027        26       960    0.8717    0.8435    0.9213    0.6857   0.01988   0.01071         0
    64/299     12.5G   0.02331   0.02028         0   0.05498   0.00388    0.1025        15       960    0.8768    0.8402    0.9213    0.6864   0.01976   0.01065         0
    65/299     12.5G   0.02332   0.02041         0   0.05498  0.003871    0.1026        30       960    0.8784    0.8396    0.9217    0.6881   0.01965   0.01058         0
    66/299     12.5G   0.02331   0.02031         0   0.05505  0.003868    0.1025        35       960    0.8784    0.8407    0.9219    0.6886   0.01953   0.01052         0
    67/299     12.5G   0.02333   0.02031         0   0.05504  0.003866    0.1025        29       960    0.8705    0.8487    0.9223    0.6893   0.01944   0.01047         0
    68/299     12.5G   0.02324   0.02032         0   0.05463  0.003857     0.102        37       960    0.8752    0.8443    0.9222      0.69   0.01935   0.01041         0
    69/299     12.5G    0.0232   0.02025         0   0.05447  0.003855    0.1018        32       960    0.8775    0.8446     0.923    0.6911   0.01926   0.01036         0
    70/299     12.5G   0.02327   0.02033         0   0.05486  0.003854    0.1023        35       960    0.8731    0.8493    0.9231    0.6912   0.01918   0.01031         0
    71/299     12.5G   0.02328   0.02043         0   0.05484  0.003851    0.1024        19       960    0.8771    0.8471    0.9229    0.6921    0.0191   0.01026         0
    72/299     12.5G   0.02315    0.0202         0   0.05399  0.003833    0.1012        37       960    0.8829    0.8438    0.9234    0.6926   0.01903   0.01022         0
    73/299     12.5G   0.02315   0.02035         0    0.0542   0.00383    0.1015        46       960    0.8787    0.8471    0.9235    0.6929   0.01896   0.01019         0
    74/299     12.5G   0.02305   0.02009         0   0.05389  0.003826    0.1009        31       960    0.8797    0.8471    0.9244    0.6936    0.0189   0.01015         0
    75/299     12.5G   0.02306   0.02011         0   0.05413   0.00383    0.1011        36       960    0.8874    0.8409    0.9246    0.6939   0.01884   0.01011         0
    76/299     12.5G   0.02303   0.02005         0   0.05373  0.003814    0.1006        30       960    0.8837    0.8435    0.9248    0.6945   0.01877   0.01008         0
    77/299     12.5G   0.02296    0.0201         0   0.05357  0.003808    0.1004        29       960    0.8912    0.8368    0.9251    0.6953   0.01871   0.01005         0
    78/299     12.5G   0.02291   0.02006         0   0.05338  0.003808    0.1002        46       960    0.8931    0.8356    0.9249    0.6958   0.01865   0.01002         0
    79/299     12.5G   0.02291   0.02002         0   0.05365  0.003806    0.1004        26       960    0.8807    0.8454    0.9249    0.6966   0.01859  0.009996         0
    80/299     12.5G   0.02277   0.01997         0   0.05317  0.003784   0.09968        28       960    0.8835    0.8434     0.925    0.6974   0.01853  0.009968         0
    81/299     12.5G    0.0231   0.02028         0    0.0537  0.003793    0.1009        18       960    0.8827    0.8435    0.9253    0.6987   0.01848  0.009942         0
    82/299     12.5G   0.02288   0.02014         0   0.05332  0.003788    0.1001        41       960     0.882    0.8456    0.9256    0.6986   0.01844  0.009919         0
    83/299     12.5G   0.02308   0.02025         0   0.05408  0.003796    0.1012        32       960    0.8926    0.8361    0.9257    0.6995    0.0184  0.009896         0
    84/299     12.5G   0.02285    0.0201         0   0.05339  0.003784    0.1001        39       960    0.8937    0.8342     0.926    0.6998   0.01836   0.00988         0
    85/299     12.5G   0.02272   0.01997         0   0.05299  0.003776   0.09947        33       960    0.8917    0.8364    0.9261    0.7007   0.01832  0.009857         0
    86/299     12.5G    0.0227   0.01996         0   0.05276  0.003767   0.09919        44       960    0.8912    0.8378     0.926     0.701   0.01828  0.009837         0
    87/299     12.5G   0.02265   0.01995         0   0.05236  0.003755   0.09871        62       960    0.8923    0.8369    0.9261    0.7014   0.01824  0.009816         0
    88/299     12.5G   0.02269   0.01998         0    0.0527  0.003762   0.09913        27       960    0.8905    0.8388    0.9266    0.7023   0.01819  0.009794         0
    89/299     12.5G   0.02265      0.02         0   0.05246  0.003755   0.09886        41       960    0.8811    0.8479    0.9267    0.7026   0.01816  0.009775         0
    90/299     12.5G   0.02267   0.02008         0   0.05279  0.003762    0.0993        36       960    0.8868    0.8425    0.9265    0.7028   0.01813  0.009761         0
    91/299     12.5G   0.02258   0.01992         0    0.0522   0.00374   0.09845        38       960    0.8922    0.8396    0.9269    0.7036   0.01809   0.00974         0
    92/299     12.5G   0.02254   0.01997         0   0.05214  0.003735   0.09838        37       960     0.886    0.8443     0.927    0.7041   0.01806  0.009722         0
    93/299     12.5G   0.02252   0.01993         0   0.05251  0.003739    0.0987        19       960    0.8838    0.8474    0.9271    0.7054   0.01802  0.009707         0
    94/299     12.5G   0.02255   0.01993         0    0.0522  0.003735   0.09842        47       960    0.8872    0.8447    0.9276    0.7055   0.01799  0.009694         0
    95/299     12.5G    0.0225   0.01989         0   0.05228  0.003739   0.09842        23       960    0.8926    0.8396    0.9278    0.7058   0.01797  0.009687         0
    96/299     12.5G   0.02242   0.01968         0   0.05188  0.003721   0.09771        36       960    0.8907    0.8418    0.9283    0.7067   0.01796  0.009679         0
    97/299     12.5G   0.02245   0.01985         0   0.05206  0.003729   0.09809        41       960    0.8956    0.8384     0.928    0.7064   0.01794  0.009677         0
    98/299     12.5G   0.02244   0.01983         0    0.0519  0.003724    0.0979        27       960    0.8877    0.8434    0.9276    0.7067   0.01792  0.009672         0
    99/299     12.5G   0.02236   0.01975         0   0.05165  0.003716   0.09747        34       960    0.8878    0.8434    0.9271    0.7069   0.01791  0.009664         0
   100/299     12.5G   0.02237   0.01984         0   0.05167  0.003708   0.09758        29       960    0.8849    0.8459    0.9271    0.7073   0.01788  0.009656         0
   101/299     12.5G   0.02238   0.01978         0   0.05163  0.003708    0.0975        73       960     0.885    0.8456    0.9272    0.7073   0.01787  0.009649         0
   102/299     12.5G   0.02232   0.01975         0   0.05125  0.003696   0.09702        27       960    0.8874    0.8429    0.9273    0.7076   0.01784  0.009638         0
   103/299     12.5G   0.02228   0.01975         0   0.05117  0.003702   0.09691        25       960    0.8856    0.8446    0.9275    0.7078   0.01782  0.009631         0
   104/299     12.5G   0.02235   0.01967         0   0.05142  0.003694   0.09714        27       960    0.8916    0.8391    0.9276    0.7081    0.0178  0.009621         0
   105/299     12.5G   0.02238    0.0198         0   0.05159  0.003692   0.09746        23       960    0.8892    0.8429    0.9277    0.7084   0.01777  0.009614         0
   106/299     12.5G   0.02244   0.01991         0    0.0521  0.003704   0.09815        34       960    0.8918    0.8409    0.9277    0.7089   0.01776  0.009609         0
   107/299     12.5G   0.02218   0.01961         0    0.0509  0.003676   0.09636        28       960    0.8943    0.8389    0.9278     0.709   0.01774  0.009597         0
   108/299     12.5G   0.02214   0.01967         0   0.05087  0.003679   0.09636        15       960    0.8986    0.8363    0.9278    0.7088   0.01772  0.009586         0
   109/299     12.5G   0.02221   0.01974         0   0.05115  0.003679   0.09678        32       960    0.8995    0.8347     0.928     0.709    0.0177  0.009578         0
   110/299     12.5G   0.02221   0.01961         0   0.05139  0.003687    0.0969        39       960     0.886    0.8474    0.9282    0.7091   0.01769  0.009578         0
   111/299     12.5G   0.02204   0.01957         0    0.0505  0.003666   0.09578        43       960    0.8731    0.8596    0.9279    0.7102   0.01767   0.00957         0
   112/299     12.5G   0.02206   0.01954         0   0.05077  0.003658   0.09603        27       960    0.8746    0.8593    0.9279    0.7109   0.01766  0.009564         0
   113/299     12.5G   0.02203   0.01961         0   0.05057  0.003656   0.09587        26       960    0.8762    0.8592    0.9284    0.7112   0.01764  0.009555         0
   114/299     12.5G   0.02188   0.01946         0   0.05013  0.003645   0.09512        42       960    0.8781    0.8583    0.9285     0.711   0.01762  0.009541         0
   115/299     12.5G   0.02194   0.01949         0   0.05017   0.00364   0.09524        28       960    0.8765    0.8607    0.9293    0.7114   0.01759   0.00953         0
   116/299     12.5G   0.02191   0.01946         0   0.04998  0.003637   0.09499        58       960    0.8819    0.8558    0.9291    0.7115   0.01757  0.009519         0
   117/299     12.5G   0.02205   0.01955         0   0.05055  0.003648   0.09579        17       960    0.8785    0.8596    0.9294     0.712   0.01755  0.009511         0
   118/299     12.5G   0.02195   0.01961         0      0.05  0.003634   0.09519        20       960    0.8784    0.8609    0.9298    0.7119   0.01752  0.009503         0
   119/299     12.5G    0.0219   0.01941         0   0.04978  0.003624   0.09471        33       960    0.8694    0.8693    0.9298    0.7118    0.0175  0.009497         0
   120/299     12.5G   0.02182   0.01945         0   0.04979  0.003627   0.09469        32       960    0.8739    0.8654    0.9298    0.7125   0.01748  0.009485         0
   121/299     12.5G   0.02174   0.01937         0   0.04946  0.003615   0.09419        38       960     0.875    0.8657    0.9299    0.7127   0.01746  0.009475         0
   122/299     12.5G   0.02185   0.01952         0   0.04958  0.003619   0.09456        22       960    0.8762    0.8657    0.9304    0.7134   0.01743  0.009466         0
   123/299     12.5G   0.02181   0.01949         0   0.05029  0.003627   0.09521        37       960    0.8757    0.8657    0.9306    0.7142   0.01741  0.009459         0
   124/299     12.5G   0.02186   0.01948         0   0.04984  0.003617   0.09479        33       960    0.8769    0.8629    0.9308    0.7145   0.01739  0.009453         0
   125/299     12.5G   0.02178   0.01938         0   0.04954  0.003609   0.09431        29       960    0.8767    0.8627    0.9307    0.7149   0.01738  0.009452         0
   126/299     12.5G   0.02172   0.01942         0   0.04924  0.003596   0.09397        30       960    0.8761    0.8624    0.9309    0.7149   0.01737  0.009448         0
   127/299     12.5G   0.02176   0.01946         0   0.04983  0.003606   0.09465        21       960    0.8891    0.8498    0.9305    0.7148   0.01737  0.009443         0
   128/299     12.5G   0.02165   0.01941         0   0.04918  0.003598   0.09384        37       960    0.8822     0.858    0.9306     0.715   0.01736   0.00944         0
   129/299     12.5G   0.02169   0.01935         0   0.04937  0.003593     0.094        21       960    0.8789    0.8603    0.9305     0.715   0.01735   0.00944         0
   130/299     12.5G    0.0217   0.01944         0    0.0492  0.003593   0.09393        31       960    0.8759     0.863    0.9306    0.7152   0.01735  0.009435         0
   131/299     12.5G   0.02145    0.0192         0   0.04893  0.003581   0.09317        45       960    0.8761    0.8627    0.9308    0.7151   0.01734  0.009428         0
   132/299     12.5G   0.02164   0.01935         0   0.04922  0.003584   0.09379        27       960    0.8737    0.8651    0.9308    0.7154   0.01733  0.009426         0
   133/299     12.5G   0.02159   0.01931         0   0.04901  0.003578    0.0935        47       960    0.8863    0.8539    0.9306    0.7158   0.01732  0.009425         0
   134/299     12.5G   0.02144   0.01917         0   0.04878   0.00357   0.09296        44       960     0.885    0.8542    0.9305    0.7158   0.01731   0.00942         0
   135/299     12.5G   0.02141   0.01921         0   0.04861  0.003556   0.09279        33       960    0.8968    0.8428     0.931    0.7156    0.0173  0.009412         0
   136/299     12.5G   0.02132   0.01905         0   0.04822  0.003546   0.09213        25       960    0.8879    0.8508    0.9309    0.7162   0.01729  0.009405         0
   137/299     12.5G   0.02147   0.01921         0   0.04857  0.003557   0.09281        35       960    0.8875    0.8508     0.931    0.7167   0.01728  0.009396         0
   138/299     12.5G   0.02134   0.01913         0   0.04818  0.003553    0.0922        25       960    0.8932     0.847    0.9309    0.7171   0.01726  0.009391         0
   139/299     12.5G   0.02122   0.01915         0   0.04798  0.003534   0.09188        24       960    0.8917    0.8477    0.9309    0.7171   0.01724   0.00938         0
   140/299     12.5G   0.02125   0.01907         0     0.048  0.003537   0.09186        23       960    0.8903    0.8503    0.9311    0.7181   0.01722  0.009372         0
   141/299     12.5G   0.02119    0.0191         0   0.04805  0.003527   0.09188        24       960    0.8885    0.8514    0.9314    0.7185    0.0172  0.009365         0
   142/299     12.5G   0.02122    0.0191         0     0.048  0.003526   0.09184        30       960    0.8852    0.8539    0.9315    0.7191   0.01719  0.009358         0
   143/299     12.5G   0.02128    0.0191         0   0.04819  0.003536   0.09211        39       960    0.8891    0.8497    0.9314    0.7191   0.01717  0.009352         0
   144/299     12.5G   0.02132   0.01914         0     0.048  0.003528   0.09198        29       960    0.8856    0.8525    0.9314    0.7203   0.01716  0.009355         0
   145/299     12.5G   0.02124   0.01902         0   0.04781  0.003522   0.09159        40       960    0.8947    0.8454    0.9316      0.72   0.01715  0.009351         0
   146/299     12.5G   0.02109   0.01901         0   0.04748   0.00351   0.09109        35       960    0.8898    0.8493     0.932    0.7207   0.01713   0.00934         0
   147/299     12.5G   0.02109    0.0189         0   0.04726  0.003511   0.09076        46       960    0.8705     0.868    0.9317     0.721   0.01711  0.009336         0
   148/299     12.5G   0.02106   0.01894         0   0.04738  0.003506   0.09088        26       960    0.8696    0.8696    0.9319    0.7213    0.0171  0.009333         0
   149/299     12.5G   0.02096   0.01887         0   0.04714  0.003501   0.09048        40       960    0.8735    0.8659    0.9315    0.7214   0.01709  0.009329         0
   150/299     12.5G   0.02106   0.01903         0   0.04721  0.003494    0.0908        36       960     0.878    0.8635    0.9317    0.7216   0.01707  0.009324         0
   151/299     12.5G   0.02106   0.01902         0   0.04749  0.003498   0.09107        20       960    0.8781    0.8638     0.932    0.7219   0.01706  0.009317         0
   152/299     12.5G   0.02099   0.01895         0   0.04731  0.003491   0.09074        34       960    0.8791    0.8618    0.9322     0.722   0.01705  0.009313         0
   153/299     12.5G   0.02098   0.01897         0    0.0471  0.003485   0.09053        33       960    0.8734    0.8679    0.9324    0.7224   0.01705  0.009306         0
   154/299     12.5G   0.02101   0.01897         0   0.04714  0.003489   0.09061        45       960    0.8822    0.8597    0.9327     0.722   0.01704  0.009305         0
   155/299     12.5G   0.02095   0.01893         0   0.04703  0.003488   0.09041        27       960    0.8862    0.8554    0.9324    0.7218   0.01703    0.0093         0
   156/299     12.5G   0.02091   0.01886         0   0.04678  0.003474   0.09003        33       960    0.8816    0.8599    0.9327    0.7223   0.01701  0.009294         0
   157/299     12.5G   0.02083   0.01882         0   0.04658  0.003469    0.0897        32       960    0.8856    0.8553    0.9321    0.7222   0.01701  0.009291         0
   158/299     12.5G    0.0208   0.01884         0   0.04645  0.003453   0.08954        33       960    0.8811    0.8597    0.9322    0.7223     0.017  0.009289         0
   159/299     12.5G   0.02082   0.01891         0   0.04662  0.003468   0.08981        32       960    0.8789    0.8625    0.9324    0.7227   0.01699  0.009286         0
   160/299     12.5G   0.02085   0.01892         0   0.04656  0.003457   0.08979        33       960     0.878    0.8632    0.9326    0.7224   0.01698  0.009288         0
   161/299     12.5G   0.02082   0.01882         0   0.04675  0.003463   0.08985        50       960    0.8982     0.844    0.9325    0.7226   0.01697  0.009289         0
   162/299     12.5G   0.02074    0.0188         0   0.04624  0.003444   0.08923        30       960    0.8927    0.8467    0.9323    0.7229   0.01696  0.009284         0
   163/299     12.5G   0.02069   0.01878         0    0.0463   0.00344   0.08921        41       960    0.8991    0.8433    0.9331    0.7233   0.01694  0.009279         0
   164/299     12.5G    0.0207    0.0187         0   0.04565  0.003425   0.08847        32       960    0.8977    0.8456    0.9336    0.7237   0.01692  0.009271         0
   165/299     12.5G   0.02055   0.01861         0   0.04584  0.003426   0.08842        32       960    0.8827    0.8605    0.9337     0.724   0.01691  0.009265         0
   166/299     12.5G   0.02058   0.01875         0   0.04553   0.00342   0.08828        32       960    0.8769    0.8672    0.9338    0.7238    0.0169  0.009258         0
   167/299     12.5G   0.02055   0.01867         0   0.04558  0.003416   0.08822        23       960    0.8896    0.8564    0.9339    0.7244   0.01689  0.009253         0
   168/299     12.5G   0.02053   0.01858         0   0.04553  0.003418   0.08806        41       960    0.8891    0.8568     0.934    0.7246   0.01688  0.009249         0
   169/299     12.5G   0.02039   0.01851         0   0.04521  0.003406   0.08752        39       960    0.8791    0.8667    0.9342    0.7249   0.01687  0.009244         0
   170/299     12.5G   0.02036   0.01853         0   0.04519  0.003401   0.08749        46       960    0.8867    0.8591    0.9342    0.7251   0.01686  0.009237         0
   171/299     12.5G   0.02045    0.0186         0    0.0454    0.0034   0.08785        18       960    0.8853    0.8611    0.9342    0.7256   0.01685  0.009232         0
   172/299     12.5G   0.02045   0.01863         0   0.04523  0.003397   0.08771        27       960    0.8803    0.8649    0.9342    0.7249   0.01684   0.00923         0
   173/299     12.5G   0.02042   0.01861         0   0.04521  0.003391   0.08764        37       960    0.8823    0.8629    0.9341    0.7254   0.01684  0.009227         0
   174/299     12.5G   0.02023   0.01839         0   0.04465  0.003377   0.08664        21       960    0.8857    0.8585    0.9341    0.7254   0.01682  0.009222         0
   175/299     12.5G   0.02028   0.01847         0   0.04471  0.003376   0.08684        26       960    0.8899    0.8553    0.9344    0.7258   0.01681  0.009217         0
   176/299     12.5G   0.02026   0.01856         0   0.04458  0.003373   0.08677        49       960     0.891    0.8547    0.9346    0.7261   0.01681  0.009213         0
   177/299     12.5G   0.02029   0.01846         0   0.04484  0.003376   0.08697        23       960    0.8906    0.8546    0.9349    0.7261    0.0168  0.009205         0
   178/299     12.5G   0.02024    0.0185         0   0.04475  0.003374   0.08687        27       960    0.8952    0.8497    0.9346    0.7267   0.01678    0.0092         0
   179/299     12.5G   0.02011    0.0184         0   0.04414  0.003358   0.08601        25       960    0.8992    0.8455    0.9345    0.7272   0.01677  0.009192         0
   180/299     12.5G   0.02028   0.01853         0   0.04483  0.003372   0.08702        34       960    0.8824    0.8607    0.9341    0.7277   0.01677   0.00919         0
   181/299     12.5G   0.02018   0.01845         0   0.04469  0.003363   0.08669        36       960    0.8825    0.8621    0.9343    0.7271   0.01677  0.009194         0
   182/299     12.5G   0.02014   0.01842         0   0.04416  0.003349   0.08607        43       960    0.8846    0.8607    0.9346    0.7279   0.01676  0.009192         0
   183/299     12.5G    0.0201   0.01838         0   0.04446   0.00335   0.08629        51       960    0.8896    0.8547    0.9343    0.7283   0.01675  0.009184         0
   184/299     12.5G    0.0201   0.01838         0   0.04415   0.00334   0.08597        25       960    0.8889    0.8545    0.9346    0.7287   0.01673  0.009176         0
   185/299     12.5G   0.01999   0.01833         0   0.04395  0.003331    0.0856        33       960    0.8875    0.8563    0.9349    0.7291   0.01672  0.009171         0
   186/299     12.5G   0.01998   0.01835         0   0.04394  0.003334   0.08561        20       960    0.8704    0.8741    0.9352    0.7293   0.01671  0.009168         0
   187/299     12.5G   0.01998   0.01836         0   0.04396  0.003329   0.08564        54       960    0.8803    0.8637    0.9351    0.7292    0.0167  0.009163         0
   188/299     12.5G   0.01986    0.0183         0   0.04357  0.003313   0.08504        35       960    0.8783    0.8657    0.9349    0.7295   0.01668  0.009159         0
   189/299     12.5G   0.01995   0.01841         0   0.04406  0.003329   0.08574        22       960    0.8791    0.8662    0.9353    0.7296   0.01667  0.009157         0
   190/299     12.5G   0.01986   0.01824         0   0.04352  0.003311   0.08493        38       960    0.8852    0.8615    0.9353    0.7302   0.01666  0.009153         0
   191/299     12.5G   0.01992   0.01828         0   0.04368  0.003305   0.08518        20       960    0.8866    0.8603    0.9357     0.731   0.01665  0.009146         0
   192/299     12.5G   0.01978   0.01819         0   0.04334  0.003299    0.0846        39       960    0.8832    0.8646    0.9358    0.7309   0.01664   0.00914         0
   193/299     12.5G   0.01973    0.0182         0   0.04315  0.003291   0.08437        53       960    0.8893    0.8602    0.9359     0.731   0.01663  0.009136         0
   194/299     12.5G   0.01965   0.01811         0   0.04294  0.003284   0.08398        37       960    0.8885    0.8604    0.9356    0.7313   0.01662  0.009132         0
   195/299     12.5G   0.01965   0.01812         0   0.04299   0.00329   0.08404        55       960    0.8819    0.8666     0.936    0.7315    0.0166  0.009127         0
   196/299     12.5G   0.01965   0.01817         0   0.04306  0.003285   0.08416        22       960    0.8778      0.87    0.9363    0.7315    0.0166   0.00912         0
   197/299     12.5G   0.01971   0.01812         0   0.04297  0.003279   0.08407        38       960    0.8851    0.8622    0.9364    0.7322   0.01659  0.009115         0
   198/299     12.5G   0.01964   0.01811         0   0.04259  0.003257   0.08359        27       960    0.8768    0.8718    0.9369    0.7326   0.01658  0.009106         0
   199/299     12.5G    0.0196   0.01804         0   0.04235  0.003262   0.08326        27       960    0.8783    0.8703    0.9369     0.733   0.01657  0.009097         0
   200/299     12.5G   0.01954   0.01799         0   0.04254  0.003264   0.08333        31       960    0.8754    0.8728    0.9376    0.7332   0.01656   0.00909         0
   201/299     12.5G   0.01964   0.01814         0   0.04265  0.003265    0.0837        33       960       0.9    0.8503    0.9372    0.7333   0.01655  0.009085         0
   202/299     12.5G   0.01968   0.01813         0   0.04305  0.003264   0.08412        45       960    0.9018    0.8492    0.9374    0.7329   0.01655  0.009085         0
   203/299     12.5G   0.01954   0.01796         0   0.04243  0.003252   0.08318        30       960     0.901    0.8503    0.9376    0.7335   0.01654  0.009088         0
   204/299     12.5G    0.0195   0.01798         0   0.04232  0.003245   0.08305        42       960    0.9039    0.8471    0.9372    0.7332   0.01654  0.009087         0
   205/299     12.5G   0.01945   0.01793         0   0.04217  0.003241   0.08279        31       960    0.8704    0.8773    0.9374    0.7327   0.01653  0.009087         0
   206/299     12.5G    0.0193   0.01787         0    0.0419  0.003237   0.08231        33       960    0.8942    0.8547    0.9373    0.7329   0.01652  0.009083         0
   207/299     12.5G   0.01928   0.01782         0   0.04199  0.003224   0.08231        37       960    0.8863    0.8619    0.9373    0.7328   0.01651  0.009079         0
   208/299     12.5G   0.01935   0.01779         0   0.04174  0.003222   0.08211        24       960    0.9037    0.8459    0.9372    0.7331    0.0165  0.009074         0
   209/299     12.5G   0.01931    0.0179         0   0.04174   0.00322   0.08216        43       960    0.8999    0.8492    0.9372    0.7333   0.01649  0.009071         0
   210/299     12.5G   0.01926   0.01788         0   0.04172  0.003219   0.08208        22       960    0.9056    0.8441    0.9372    0.7339   0.01648  0.009067         0
   211/299     12.5G   0.01931   0.01796         0   0.04185  0.003218   0.08234        24       960    0.8978    0.8504    0.9373    0.7339   0.01647  0.009065         0
   212/299     12.5G   0.01924   0.01787         0   0.04139  0.003208   0.08171        25       960    0.8952     0.853     0.937    0.7337   0.01646  0.009062         0
   213/299     12.5G   0.01912   0.01784         0   0.04128  0.003193   0.08143        23       960    0.8885    0.8583    0.9371    0.7345   0.01645  0.009057         0
   214/299     12.5G   0.01924   0.01781         0   0.04164  0.003202    0.0819        20       960    0.8976    0.8511    0.9376    0.7349   0.01644  0.009057         0
   215/299     12.5G   0.01918   0.01772         0   0.04154   0.00319   0.08162        46       960    0.8752    0.8719    0.9371    0.7349   0.01644  0.009062         0
   216/299     12.5G   0.01907   0.01764         0   0.04102  0.003183   0.08092        31       960    0.8775      0.87     0.937    0.7351   0.01643  0.009057         0
   217/299     12.5G   0.01905    0.0176         0   0.04077  0.003165   0.08059        46       960     0.885    0.8634    0.9371    0.7358   0.01642  0.009051         0
   218/299     12.5G   0.01897   0.01764         0   0.04067  0.003173   0.08046        37       960    0.8772    0.8712    0.9373    0.7356   0.01641  0.009047         0
   219/299     12.5G   0.01894   0.01759         0   0.04069  0.003162   0.08039        43       960    0.8987    0.8518    0.9373    0.7357    0.0164  0.009044         0
   220/299     12.5G   0.01893    0.0176         0   0.04053  0.003157   0.08022        23       960    0.9004    0.8514    0.9375    0.7361   0.01639  0.009039         0
   221/299     12.5G   0.01891   0.01753         0   0.04056  0.003153   0.08015        49       960    0.9035    0.8479    0.9376    0.7363   0.01637  0.009032         0
   222/299     12.5G   0.01884   0.01743         0    0.0402  0.003149   0.07962        25       960    0.8973    0.8545    0.9375    0.7367   0.01636  0.009023         0
   223/299     12.5G   0.01874   0.01753         0   0.04009   0.00314    0.0795        21       960    0.8996    0.8526    0.9379    0.7367   0.01635  0.009017         0
   224/299     12.5G   0.01883   0.01755         0   0.04025  0.003135   0.07976        30       960     0.898    0.8556    0.9377     0.737   0.01634  0.009013         0
   225/299     12.5G   0.01873   0.01737         0   0.04005  0.003131   0.07928        39       960    0.8973    0.8555    0.9378    0.7375   0.01633  0.009008         0
   226/299     12.5G   0.01876   0.01745         0   0.04009  0.003127   0.07942        27       960     0.899    0.8542    0.9382    0.7378   0.01632  0.009005         0
   227/299     12.5G   0.01864   0.01738         0   0.03949  0.003117   0.07863        41       960    0.8877    0.8641    0.9381    0.7381   0.01632  0.008999         0
   228/299     12.5G   0.01865   0.01741         0   0.03971   0.00312   0.07888        55       960    0.8992    0.8531    0.9384     0.738   0.01631  0.008995         0
   229/299     12.5G   0.01869   0.01747         0   0.03967  0.003111   0.07894        74       960    0.9002    0.8522    0.9386    0.7383   0.01629  0.008995         0
   230/299     12.5G   0.01859   0.01737         0   0.03948    0.0031   0.07854        32       960    0.9038    0.8493    0.9386    0.7384   0.01628  0.008992         0
   231/299     12.5G    0.0187   0.01745         0   0.03992  0.003114   0.07918        21       960    0.8686    0.8828    0.9385    0.7382   0.01628  0.008994         0
   232/299     12.5G   0.01856   0.01738         0   0.03932  0.003097   0.07835        22       960    0.8689    0.8828    0.9386    0.7381   0.01627  0.008992         0
   233/299     12.5G   0.01851   0.01726         0   0.03943  0.003101   0.07829        33       960    0.8706    0.8811    0.9383    0.7386   0.01626   0.00899         0
   234/299     12.5G   0.01848   0.01723         0   0.03923  0.003095   0.07804        25       960    0.8737    0.8788    0.9386    0.7389   0.01625  0.008988         0
   235/299     12.5G   0.01847   0.01733         0   0.03921  0.003098   0.07811        27       960    0.8901    0.8621    0.9385    0.7391   0.01624  0.008987         0
   236/299     12.5G   0.01849   0.01741         0   0.03934  0.003088   0.07833        29       960    0.8922    0.8603    0.9384    0.7393   0.01624  0.008986         0
   237/299     12.5G   0.01839   0.01723         0   0.03897  0.003076   0.07766        37       960    0.8994    0.8555    0.9385    0.7396   0.01624  0.008984         0
   238/299     12.5G   0.01841   0.01732         0   0.03897  0.003072   0.07777        34       960    0.9005     0.856    0.9387      0.74   0.01624  0.008981         0
   239/299     12.5G   0.01829   0.01714         0   0.03879  0.003072    0.0773        29       960    0.8962    0.8585    0.9387    0.7396   0.01623   0.00898         0
   240/299     12.5G   0.01832   0.01724         0    0.0388  0.003067   0.07743        35       960    0.9001    0.8541    0.9386    0.7392   0.01622  0.008977         0
   241/299     12.5G   0.01826   0.01721         0   0.03863  0.003058   0.07716        29       960    0.8969    0.8584     0.939    0.7394   0.01621  0.008973         0
   242/299     12.5G   0.01823   0.01699         0   0.03836  0.003047   0.07663        20       960    0.8959    0.8582     0.939    0.7392    0.0162  0.008972         0
   243/299     12.5G   0.01813   0.01693         0   0.03805  0.003041   0.07616        32       960    0.8932    0.8609    0.9392    0.7394    0.0162  0.008971         0
   244/299     12.5G   0.01812   0.01705         0    0.0382  0.003037   0.07641        52       960     0.892    0.8631    0.9392     0.739   0.01619  0.008968         0
   245/299     12.5G   0.01815   0.01707         0   0.03814  0.003031   0.07639        29       960    0.8942    0.8607    0.9389    0.7395    0.0162   0.00897         0
   246/299     12.5G   0.01812   0.01695         0   0.03811  0.003026    0.0762        37       960    0.8683    0.8865    0.9389    0.7397   0.01619  0.008968         0
   247/299     12.5G   0.01811   0.01701         0   0.03797  0.003034   0.07612        48       960     0.897    0.8594    0.9387    0.7392   0.01619  0.008967         0
   248/299     12.5G   0.01807     0.017         0   0.03805  0.003025   0.07615        32       960     0.901    0.8566    0.9387    0.7397   0.01619  0.008963         0
   249/299     12.5G   0.01804   0.01691         0   0.03773  0.003015   0.07569        39       960    0.8991    0.8583    0.9388    0.7395   0.01618  0.008959         0
   250/299     12.5G   0.01797   0.01684         0   0.03754  0.003013   0.07537        30       960    0.8689     0.887    0.9389    0.7393   0.01618  0.008958         0
   251/299     12.5G   0.01795   0.01691         0   0.03769  0.003012   0.07556        40       960    0.8669    0.8892    0.9391    0.7391   0.01618  0.008953         0
   252/299     12.5G   0.01789   0.01682         0    0.0375  0.003003   0.07521        31       960    0.8718    0.8859    0.9389    0.7392   0.01617  0.008953         0
   253/299     12.5G   0.01785   0.01683         0   0.03732  0.002991   0.07498        51       960    0.8714    0.8868     0.939    0.7395   0.01616  0.008949         0
   254/299     12.5G   0.01791   0.01686         0   0.03735  0.002993   0.07511        19       960    0.8746    0.8854    0.9391    0.7392   0.01616  0.008947         0
   255/299     12.5G   0.01783   0.01692         0   0.03744   0.00299   0.07518        32       960    0.8771    0.8827    0.9393    0.7401   0.01615  0.008948         0
   256/299     12.5G   0.01786   0.01682         0    0.0372  0.002986   0.07487        62       960    0.8756    0.8834    0.9394    0.7398   0.01615  0.008948         0
   257/299     12.5G   0.01787   0.01684         0   0.03738  0.002993   0.07509        70       960    0.8873    0.8704    0.9392    0.7401   0.01614  0.008947         0
   258/299     12.5G    0.0177   0.01671         0   0.03695  0.002976   0.07433        31       960    0.8691    0.8885    0.9393    0.7406   0.01613  0.008945         0
   259/299     12.5G   0.01767   0.01675         0   0.03688  0.002965   0.07427        59       960    0.8704    0.8861    0.9393    0.7408   0.01612  0.008945         0
   260/299     12.5G   0.01773   0.01668         0   0.03696  0.002966   0.07433        31       960     0.891     0.866    0.9391    0.7418   0.01611  0.008943         0
   261/299     12.5G    0.0176   0.01669         0   0.03668  0.002961   0.07393        44       960    0.8917    0.8651    0.9391    0.7419    0.0161  0.008941         0
   262/299     12.5G   0.01765   0.01663         0    0.0367  0.002962   0.07394        28       960    0.8917     0.865    0.9392    0.7418    0.0161  0.008938         0
   263/299     12.5G   0.01761   0.01658         0   0.03653  0.002952   0.07368        52       960    0.8897    0.8665     0.939    0.7416   0.01609  0.008937         0
   264/299     12.5G   0.01765   0.01666         0   0.03654  0.002945    0.0738        38       960    0.8877    0.8676    0.9389    0.7414   0.01609  0.008937         0
   265/299     12.5G   0.01766   0.01664         0   0.03658   0.00295   0.07383        42       960    0.8816    0.8731    0.9386    0.7416   0.01608  0.008938         0
   266/299     12.5G   0.01758   0.01648         0   0.03626  0.002946   0.07327        30       960    0.8756    0.8741    0.9341    0.7375   0.01608  0.008942         0
   267/299     12.5G   0.01755    0.0166         0   0.03647  0.002944   0.07356        29       960    0.8708    0.8684    0.9215     0.727   0.01607  0.008954         0
   268/299     12.5G   0.01746   0.01648         0   0.03627  0.002939   0.07316        39       960    0.8616    0.8674    0.9113    0.7176   0.01607  0.008962         0
   269/299     12.5G   0.01741   0.01644         0     0.036  0.002925   0.07278        27       960    0.8521    0.8745    0.9072    0.7137   0.01607  0.008962         0
   270/299     12.5G   0.01749   0.01654         0    0.0362  0.002936   0.07315        31       960    0.8476    0.8762    0.9048    0.7116   0.01606  0.008962         0
   271/299     12.5G   0.01749   0.01653         0     0.036  0.002922   0.07294        16       960    0.8465    0.8775    0.9059    0.7134   0.01606  0.008963         0
   272/299     12.5G   0.01741   0.01651         0    0.0359  0.002919   0.07273        32       960    0.8391    0.8878      0.91    0.7167   0.01606   0.00896         0
   273/299     12.5G   0.01737   0.01642         0   0.03586  0.002914   0.07256        32       960    0.8484    0.8833    0.9174    0.7229   0.01606  0.008952         0
   274/299     12.5G   0.01734   0.01628         0   0.03563  0.002911   0.07215        34       960    0.8479    0.8847    0.9158     0.721   0.01605  0.008952         0
   275/299     12.5G   0.01736   0.01639         0   0.03571  0.002905   0.07237        43       960    0.8525    0.8826    0.9191    0.7247   0.01605  0.008947         0
   276/299     12.5G   0.01738   0.01639         0   0.03588  0.002912   0.07257        45       960    0.8511    0.8799    0.9145    0.7214   0.01605  0.008949         0
   277/299     12.5G   0.01728   0.01644         0    0.0356  0.002905   0.07223        34       960    0.8532    0.8789    0.9153    0.7214   0.01604  0.008946         0
   278/299     12.5G   0.01724   0.01625         0   0.03549  0.002898   0.07187        12       960    0.8549    0.8736    0.9088    0.7147   0.01604  0.008948         0
   279/299     12.5G   0.01735   0.01643         0   0.03586  0.002908   0.07255        32       960    0.8594    0.8688    0.9081    0.7148   0.01604  0.008948         0
   280/299     12.5G   0.01729   0.01644         0   0.03564  0.002904   0.07227        35       960    0.8776    0.8704    0.9346     0.738   0.01604  0.008926         0
   281/299     12.5G   0.01725   0.01627         0   0.03546  0.002893   0.07188        29       960     0.883    0.8701     0.937    0.7399   0.01604  0.008923         0
   282/299     12.5G   0.01729   0.01629         0   0.03537  0.002894   0.07184        38       960    0.8794    0.8703    0.9352    0.7382   0.01604  0.008926         0
   283/299     12.5G   0.01719   0.01626         0   0.03533  0.002885   0.07167        28       960    0.8803    0.8695    0.9347    0.7384   0.01603  0.008927         0
   284/299     12.5G   0.01718   0.01629         0   0.03532  0.002889   0.07167        35       960    0.8708    0.8726    0.9285    0.7325   0.01603  0.008931         0
   285/299     12.5G   0.01724   0.01629         0   0.03548  0.002889   0.07189        63       960    0.8682    0.8711    0.9198    0.7239   0.01602  0.008938         0
   286/299     12.5G   0.01724   0.01626         0   0.03549  0.002883   0.07186        39       960     0.863    0.8778    0.9218    0.7253   0.01602  0.008936         0
   287/299     12.5G   0.01715   0.01625         0   0.03521  0.002877   0.07148        51       960    0.8657    0.8751    0.9215    0.7251   0.01602  0.008938         0
   288/299     12.5G   0.01711   0.01627         0   0.03514  0.002877   0.07139        22       960    0.8747    0.8725    0.9268    0.7293   0.01602  0.008935         0
   289/299     12.5G   0.01715   0.01624         0   0.03507  0.002867   0.07132        37       960    0.8726    0.8746    0.9257    0.7281   0.01601  0.008937         0
   290/299     12.5G    0.0171   0.01609         0   0.03491  0.002871   0.07098        52       960    0.8648    0.8758    0.9165    0.7196   0.01601  0.008946         0
   291/299     12.5G   0.01714   0.01622         0   0.03496  0.002872    0.0712        19       960    0.8502    0.8793     0.903    0.7076   0.01601  0.008963         0
   292/299     12.5G   0.01706   0.01617         0   0.03505  0.002871   0.07115        34       960    0.8525      0.87    0.8944       0.7   0.01601  0.008979         0
   293/299     12.5G   0.01707   0.01609         0   0.03495  0.002864   0.07098        25       960    0.8572    0.8668    0.8988    0.7045     0.016  0.008974         0
   294/299     12.5G   0.01704   0.01612         0    0.0348  0.002865   0.07083        26       960    0.8544    0.8778    0.9073    0.7122     0.016  0.008964         0
   295/299     12.5G   0.01711   0.01611         0   0.03509  0.002862   0.07117        15       960    0.8597    0.8668    0.8991    0.7032     0.016  0.008982         0
   296/299     12.5G   0.01707   0.01613         0   0.03488  0.002857   0.07094        41       960    0.8436    0.8802    0.8948       0.7     0.016  0.008995         0
   297/299     12.5G   0.01705   0.01616         0   0.03492  0.002858   0.07099        40       960    0.8378    0.8799    0.8865    0.6921     0.016  0.009012         0
   298/299     12.5G   0.01699   0.01606         0   0.03477  0.002852   0.07066        48       960    0.8354    0.8818    0.8826    0.6894     0.016   0.00902         0
   299/299     12.5G   0.01696   0.01603         0   0.03466  0.002852    0.0705        37       960    0.8343    0.8854    0.8861     0.692     0.016  0.009016         0
