     0/299     3.65G   0.07983   0.03781         0    0.1832  0.008354    0.3092        32       960   0.06511    0.2599   0.03796  0.007297   0.06256   0.02311         0
     1/299     11.1G   0.05252   0.03257         0    0.1585  0.007557    0.2511        19       960    0.6663    0.5815    0.6142    0.2664   0.03936   0.01675         0
     2/299     12.2G   0.04283   0.02969         0     0.131    0.0068    0.2103        29       960     0.743    0.6727    0.7367     0.394   0.03372   0.01511         0
     3/299     12.2G   0.03721   0.02778         0    0.1125  0.006065    0.1836        52       960    0.7802    0.7218    0.7985    0.4745   0.02991   0.01395         0
     4/299     12.2G   0.03423   0.02666         0     0.103  0.005523    0.1694        23       960    0.8152    0.7311    0.8212    0.5124   0.02765   0.01336         0
     5/299     12.2G   0.03224   0.02561         0   0.09651  0.005212    0.1596        27       960    0.8297    0.7467    0.8396     0.544   0.02612   0.01277         0
     6/299     12.2G   0.03093   0.02502         0   0.09148  0.005013    0.1524        31       960    0.8303      0.76    0.8518    0.5648     0.025   0.01232         0
     7/299     12.2G   0.03007   0.02445         0     0.088  0.004897    0.1474        30       960    0.8179    0.7921    0.8646    0.5826   0.02422   0.01199         0
     8/299     12.2G   0.02926   0.02409         0   0.08492  0.004793    0.1431        31       960    0.8209    0.8087     0.876    0.5978   0.02349    0.0117         0
     9/299     12.2G   0.02861   0.02355         0    0.0817  0.004701    0.1386        27       960    0.8474    0.7927    0.8816    0.6085   0.02295   0.01151         0
    10/299     12.2G   0.02817   0.02341         0   0.07988  0.004655    0.1361        28       960    0.8433    0.8057    0.8878    0.6185   0.02253   0.01135         0
    11/299     12.2G   0.02777     0.023         0   0.07782  0.004596    0.1332        31       960    0.8513    0.8049    0.8908    0.6246   0.02225   0.01125         0
    12/299     12.2G    0.0274   0.02287         0   0.07594  0.004547    0.1308        13       960    0.8543    0.8037    0.8917    0.6296   0.02201   0.01118         0
    13/299     12.2G   0.02703   0.02258         0   0.07411  0.004497    0.1282        30       960    0.8478    0.8049    0.8888    0.6319   0.02181    0.0111         0
    14/299     12.2G   0.02689   0.02248         0   0.07326  0.004479    0.1271        27       960    0.8367    0.8002    0.8511    0.5986   0.02173   0.01107         0
    15/299     12.2G   0.02653    0.0223         0   0.07166  0.004429    0.1249        19       960    0.8408    0.8032     0.854    0.6014   0.02161   0.01106         0
    16/299     12.2G   0.02669   0.02258         0    0.0718  0.004431    0.1255        41       960    0.8652    0.8073    0.8986    0.6409   0.02165   0.01105         0
    17/299     12.2G   0.02628   0.02209         0   0.07006  0.004383    0.1228        50       960    0.8708    0.8046    0.8988    0.6417   0.02166   0.01107         0
    18/299     12.2G   0.02602   0.02205         0   0.06883   0.00436    0.1213        32       960    0.8731    0.8056    0.9004    0.6434   0.02166   0.01108         0
    19/299     12.2G   0.02579   0.02184         0   0.06781  0.004329    0.1198        19       960    0.8815       0.8    0.9013    0.6449   0.02168   0.01112         0
    20/299     12.2G   0.02563   0.02177         0   0.06706  0.004311    0.1188        22       960    0.8773    0.8045    0.9022    0.6463   0.02173   0.01118         0
    21/299     12.2G   0.02543   0.02163         0   0.06632  0.004285    0.1177        35       960    0.8763    0.8064    0.9028    0.6481   0.02182   0.01125         0
    22/299     12.2G   0.02539   0.02165         0   0.06591  0.004274    0.1172        30       960    0.8785    0.8056    0.9025    0.6495   0.02193   0.01134         0
    23/299     12.2G   0.02524   0.02144         0   0.06498  0.004247    0.1159        38       960    0.8679    0.8155    0.9032    0.6509   0.02205   0.01144         0
    24/299     12.2G   0.02523   0.02156         0    0.0648  0.004239    0.1158        43       960    0.8717    0.8142    0.9044     0.652   0.02219   0.01157         0
    25/299     12.2G   0.02522   0.02158         0   0.06471  0.004228    0.1157        30       960    0.8768     0.811    0.9047    0.6532   0.02234    0.0117         0
    26/299     12.2G   0.02484   0.02121         0   0.06327  0.004189    0.1135        20       960    0.8707     0.816    0.9054    0.6548   0.02249   0.01184         0
    27/299     12.2G   0.02482   0.02132         0   0.06331  0.004192    0.1136        44       960    0.8744    0.8135    0.9064    0.6559   0.02263   0.01198         0
    28/299     12.2G   0.02477    0.0213         0    0.0627  0.004178     0.113        31       960    0.8864     0.804    0.9063    0.6568   0.02277   0.01213         0
    29/299     12.2G   0.02455   0.02111         0   0.06231  0.004162    0.1121        31       960    0.8669    0.8215    0.9067    0.6579    0.0229   0.01229         0
    30/299     12.2G   0.02459   0.02119         0   0.06214  0.004156    0.1121        20       960    0.8813    0.8111    0.9075    0.6595   0.02301   0.01242         0
    31/299     12.2G   0.02452   0.02099         0   0.06144  0.004128    0.1111        19       960    0.8793    0.8145    0.9085    0.6609   0.02309   0.01254         0
    32/299     12.2G   0.02445   0.02099         0   0.06133  0.004129    0.1109        32       960    0.8882    0.8071    0.9088    0.6624   0.02315   0.01264         0
    33/299     12.2G   0.02462   0.02125         0   0.06181  0.004129    0.1118        31       960    0.8789    0.8171    0.9094    0.6634   0.02321   0.01273         0
    34/299     12.2G   0.02434   0.02104         0   0.06098  0.004114    0.1105        37       960    0.8812    0.8161    0.9101    0.6643   0.02322    0.0128         0
    35/299     12.2G   0.02423   0.02091         0   0.06058  0.004101    0.1098        34       960    0.8776    0.8205    0.9106    0.6655   0.02323   0.01287         0
    36/299     12.2G   0.02409   0.02086         0   0.06018  0.004093    0.1092        42       960    0.8821    0.8186    0.9115     0.666   0.02322   0.01291         0
    37/299     12.2G    0.0241   0.02079         0   0.05974  0.004075    0.1087        23       960    0.8841    0.8183    0.9124    0.6675   0.02318   0.01292         0
    38/299     12.2G   0.02418   0.02096         0   0.06067  0.004086    0.1099        36       960    0.8854    0.8177     0.913    0.6687   0.02313   0.01292         0
    39/299     12.2G   0.02418   0.02095         0   0.06007  0.004071    0.1093        45       960    0.8853    0.8191    0.9136    0.6695   0.02305   0.01291         0
    40/299     12.2G     0.024   0.02083         0   0.05902   0.00405    0.1079        19       960    0.8723    0.8298    0.9139    0.6708   0.02296   0.01289         0
    41/299     12.2G   0.02386   0.02072         0    0.0589  0.004044    0.1075        32       960    0.8672    0.8344    0.9143    0.6717   0.02286   0.01286         0
    42/299     12.2G   0.02384   0.02067         0    0.0588  0.004038    0.1073        16       960    0.8606    0.8416    0.9149    0.6729   0.02273   0.01279         0
    43/299     12.2G   0.02364   0.02053         0   0.05831  0.004013    0.1065        25       960    0.8695    0.8358    0.9154    0.6739   0.02258    0.0127         0
    44/299     12.2G   0.02373   0.02067         0   0.05845  0.004023    0.1069        29       960    0.8702     0.836    0.9159    0.6751   0.02242   0.01262         0
    45/299     12.2G   0.02373   0.02054         0   0.05816  0.004012    0.1064        26       960    0.8712    0.8356    0.9162    0.6762   0.02225   0.01252         0
    46/299     12.2G   0.02363   0.02059         0   0.05774  0.004007     0.106        24       960    0.8717    0.8367    0.9163    0.6771   0.02207   0.01241         0
    47/299     12.2G   0.02353   0.02062         0   0.05758  0.003999    0.1057        43       960    0.8702    0.8374    0.9164    0.6786   0.02189    0.0123         0
    48/299     12.2G   0.02345   0.02051         0    0.0573  0.003978    0.1052        35       960    0.8726     0.836     0.917    0.6801    0.0217   0.01219         0
    49/299     12.2G   0.02348   0.02051         0   0.05729  0.003987    0.1053        26       960    0.8674    0.8423    0.9176    0.6817   0.02151   0.01207         0
    50/299     12.2G   0.02344   0.02043         0   0.05713  0.003964     0.105        26       960    0.8727    0.8396    0.9182    0.6831   0.02132   0.01196         0
    51/299     12.2G   0.02333   0.02036         0   0.05672  0.003962    0.1044        27       960    0.8686    0.8449    0.9186    0.6841   0.02114   0.01184         0
    52/299     12.2G   0.02338   0.02041         0   0.05661  0.003952    0.1044        46       960    0.8753    0.8408    0.9191    0.6848   0.02095   0.01171         0
    53/299     12.2G   0.02339   0.02045         0    0.0571   0.00395    0.1049        33       960    0.8719    0.8448    0.9196     0.686   0.02078   0.01158         0
    54/299     12.2G    0.0234   0.02042         0   0.05666  0.003951    0.1044        34       960     0.878    0.8396    0.9193    0.6871   0.02061   0.01146         0
    55/299     12.2G   0.02325    0.0204         0   0.05655  0.003944    0.1041        41       960     0.881    0.8383    0.9199    0.6886   0.02044   0.01135         0
    56/299     12.2G   0.02333   0.02044         0   0.05645  0.003938    0.1042        32       960    0.8807    0.8383    0.9202    0.6896   0.02028   0.01126         0
    57/299     12.2G   0.02313   0.02032         0   0.05588  0.003924    0.1033        42       960    0.8697      0.85    0.9208    0.6905   0.02012   0.01115         0
    58/299     12.2G   0.02315   0.02031         0    0.0557  0.003913    0.1031        26       960    0.8698    0.8514    0.9212     0.691   0.01996   0.01104         0
    59/299     12.2G   0.02332   0.02048         0   0.05617  0.003932    0.1039        19       960    0.8687    0.8544    0.9215    0.6924   0.01982   0.01095         0
    60/299     12.2G   0.02315   0.02031         0   0.05602  0.003926    0.1034        29       960    0.8837    0.8397     0.922    0.6933   0.01969   0.01086         0
    61/299     12.2G   0.02326   0.02033         0   0.05603  0.003921    0.1035        40       960    0.8757    0.8473    0.9217    0.6943   0.01958   0.01078         0
    62/299     12.2G    0.0232   0.02028         0   0.05579  0.003902    0.1032        24       960     0.879    0.8453    0.9223    0.6946   0.01947    0.0107         0
    63/299     12.2G   0.02299   0.02012         0   0.05539  0.003901    0.1024        28       960    0.8787    0.8468    0.9223    0.6952   0.01936   0.01062         0
    64/299     12.2G   0.02294   0.02018         0   0.05524  0.003891    0.1023        35       960    0.8794    0.8459    0.9226    0.6954   0.01926   0.01055         0
    65/299     12.2G   0.02292   0.02017         0   0.05494  0.003882    0.1019        37       960    0.8758    0.8495    0.9229    0.6963   0.01915   0.01047         0
    66/299     12.2G   0.02292   0.02025         0   0.05499  0.003878     0.102        29       960    0.8802    0.8464    0.9233    0.6978   0.01904   0.01039         0
    67/299     12.2G   0.02285   0.02001         0   0.05463  0.003863    0.1014        52       960    0.8799    0.8477    0.9239    0.6982   0.01895   0.01033         0
    68/299     12.2G   0.02287   0.02019         0   0.05476  0.003866    0.1017        34       960     0.892    0.8361    0.9236    0.6987   0.01886   0.01026         0
    69/299     12.2G   0.02281    0.0201         0   0.05462  0.003864    0.1014        24       960    0.8834    0.8445    0.9242    0.6991   0.01878   0.01021         0
    70/299     12.2G   0.02271   0.02001         0   0.05447  0.003848     0.101        30       960    0.8858    0.8435    0.9244    0.7003    0.0187   0.01016         0
    71/299     12.2G   0.02278   0.01996         0   0.05412  0.003845    0.1007        28       960    0.8857    0.8429    0.9247    0.7008   0.01862    0.0101         0
    72/299     12.2G   0.02274   0.01991         0   0.05402  0.003849    0.1005        31       960     0.897    0.8338    0.9251    0.7015   0.01855   0.01005         0
    73/299     12.2G   0.02264   0.01991         0   0.05374  0.003836    0.1001        50       960    0.8894    0.8413    0.9252    0.7025   0.01848      0.01         0
    74/299     12.2G   0.02256   0.01994         0   0.05338  0.003829   0.09971        38       960    0.8857    0.8462    0.9257    0.7032   0.01841   0.00996         0
    75/299     12.2G   0.02261   0.01981         0   0.05346  0.003826   0.09971        35       960    0.8897    0.8427    0.9261    0.7041   0.01834  0.009919         0
    76/299     12.2G   0.02267   0.02006         0   0.05381  0.003826    0.1004        41       960    0.8871    0.8458    0.9264    0.7042   0.01829  0.009887         0
    77/299     12.2G    0.0226   0.01991         0   0.05341  0.003816   0.09973        30       960    0.8912    0.8423    0.9262    0.7044   0.01824  0.009854         0
    78/299     12.2G   0.02254    0.0199         0   0.05313  0.003805   0.09937        31       960    0.8931    0.8406    0.9264    0.7044   0.01819  0.009819         0
    79/299     12.2G   0.02261      0.02         0     0.053  0.003798   0.09941        53       960    0.8932    0.8405    0.9269    0.7047   0.01815  0.009786         0
    80/299     12.2G   0.02259   0.01994         0   0.05311  0.003802   0.09945        30       960    0.8824    0.8522     0.927    0.7053    0.0181  0.009756         0
    81/299     12.2G   0.02247   0.01979         0   0.05289  0.003792   0.09894        27       960    0.8962    0.8398    0.9267    0.7055   0.01805  0.009727         0
    82/299     12.2G   0.02256   0.01987         0   0.05298  0.003789    0.0992        28       960    0.8782    0.8556    0.9268    0.7065   0.01802  0.009704         0
    83/299     12.2G   0.02236   0.01978         0   0.05232  0.003778   0.09823        32       960    0.8856    0.8487    0.9275    0.7068   0.01798  0.009681         0
    84/299     12.2G   0.02258   0.01999         0   0.05326  0.003799   0.09963        22       960    0.8891    0.8456    0.9275    0.7072   0.01795  0.009667         0
    85/299     12.2G    0.0224   0.01992         0   0.05265   0.00377   0.09874        33       960    0.8914    0.8454    0.9278    0.7079   0.01791  0.009647         0
    86/299     12.2G   0.02236   0.01982         0   0.05233  0.003768   0.09828        27       960    0.8936    0.8439    0.9286    0.7078   0.01787  0.009624         0
    87/299     12.2G   0.02272   0.02015         0   0.05335  0.003796       0.1        33       960    0.8801    0.8544    0.9281    0.7078   0.01787  0.009669         0
    88/299     12.2G   0.02238   0.01985         0   0.05258   0.00377   0.09858        15       960    0.8828    0.8504    0.9275     0.708   0.01785  0.009676         0
    89/299     12.2G   0.02237   0.01978         0    0.0523  0.003758   0.09821        35       960      0.88    0.8528    0.9275    0.7081   0.01783  0.009661         0
    90/299     12.2G   0.02243   0.01991         0   0.05275  0.003762   0.09886        31       960    0.8791    0.8531    0.9276    0.7081   0.01782  0.009643         0
    91/299     12.2G   0.02225   0.01971         0   0.05198  0.003745   0.09769        49       960    0.8962    0.8382    0.9275     0.708   0.01781  0.009634         0
    92/299     12.2G   0.02224   0.01968         0   0.05191  0.003744   0.09758        25       960    0.8975    0.8377    0.9278     0.708   0.01779  0.009618         0
    93/299     12.2G   0.02229   0.01976         0   0.05235  0.003746   0.09815        24       960    0.8718    0.8622    0.9279    0.7082   0.01777    0.0096         0
    94/299     12.2G   0.02222   0.01975         0   0.05178  0.003732   0.09748        42       960    0.8822    0.8537    0.9279    0.7087   0.01774   0.00958         0
    95/299     12.2G   0.02215   0.01971         0   0.05167  0.003729   0.09726        34       960    0.8817    0.8544    0.9282     0.709   0.01771  0.009564         0
    96/299     12.2G   0.02217   0.01961         0   0.05191  0.003733   0.09742        35       960    0.8906    0.8467    0.9284    0.7093   0.01768  0.009547         0
    97/299     12.2G   0.02201   0.01962         0   0.05125  0.003716    0.0966        24       960    0.8783    0.8589    0.9284    0.7098   0.01765  0.009531         0
    98/299     12.2G   0.02212    0.0197         0   0.05185  0.003727    0.0974        29       960    0.8849     0.852    0.9285    0.7098   0.01763  0.009521         0
    99/299     12.2G   0.02187   0.01943         0   0.05083  0.003705   0.09583        33       960    0.8783    0.8597    0.9287    0.7103    0.0176  0.009509         0
   100/299     12.2G   0.02215   0.01972         0   0.05158   0.00371   0.09716        27       960    0.8797    0.8577    0.9285    0.7101   0.01759  0.009504         0
   101/299     12.2G   0.02195   0.01958         0    0.0512  0.003694   0.09643        40       960    0.8842    0.8551    0.9291    0.7111   0.01758  0.009492         0
   102/299     12.2G   0.02194   0.01956         0   0.05113  0.003697   0.09632        34       960    0.8836     0.856    0.9292     0.712   0.01756  0.009479         0
   103/299     12.2G     0.022   0.01963         0   0.05096  0.003695   0.09629        38       960     0.884    0.8545    0.9292     0.712   0.01754  0.009468         0
   104/299     12.2G   0.02194   0.01949         0   0.05106   0.00369   0.09618        27       960    0.8823    0.8578    0.9296    0.7126   0.01753  0.009458         0
   105/299     12.2G   0.02182   0.01944         0   0.05075  0.003689    0.0957        29       960    0.8765    0.8622    0.9296     0.713   0.01752  0.009449         0
   106/299     12.2G   0.02172   0.01941         0   0.05032  0.003668   0.09512        31       960    0.8749    0.8635    0.9297    0.7134    0.0175   0.00944         0
   107/299     12.2G   0.02181    0.0195         0   0.05067  0.003685   0.09567        27       960    0.8838    0.8558    0.9295    0.7135   0.01748   0.00943         0
   108/299     12.2G   0.02187   0.01947         0   0.05055  0.003674   0.09556        41       960    0.8774    0.8607    0.9295    0.7145   0.01746  0.009422         0
   109/299     12.2G   0.02169   0.01929         0   0.04999  0.003648   0.09462        30       960    0.8816     0.859    0.9296    0.7146   0.01743  0.009414         0
   110/299     12.2G   0.02173   0.01938         0   0.05037  0.003658   0.09514        27       960    0.8848    0.8539    0.9296    0.7145   0.01741  0.009405         0
   111/299     12.2G   0.02168   0.01935         0   0.05034  0.003662   0.09503        33       960     0.886     0.854      0.93    0.7145    0.0174  0.009397         0
   112/299     12.2G   0.02168   0.01934         0   0.05001  0.003653   0.09469        29       960     0.888    0.8515    0.9302    0.7152   0.01738  0.009389         0
   113/299     12.2G   0.02164   0.01939         0   0.04983  0.003646   0.09451        37       960    0.8694    0.8695    0.9304    0.7158   0.01737   0.00938         0
   114/299     12.2G   0.02158   0.01936         0   0.04945  0.003635   0.09401        45       960    0.8805    0.8582    0.9307    0.7162   0.01735   0.00937         0
   115/299     12.2G    0.0216    0.0193         0   0.04998  0.003641   0.09452        45       960    0.8812    0.8585     0.931    0.7167   0.01733  0.009362         0
   116/299     12.2G   0.02154   0.01926         0   0.04966   0.00363   0.09409        32       960    0.8842    0.8558     0.931    0.7171   0.01732  0.009355         0
   117/299     12.2G   0.02156   0.01932         0   0.04961  0.003625   0.09412        37       960    0.8922    0.8492    0.9311    0.7175   0.01731  0.009348         0
   118/299     12.2G   0.02161   0.01941         0   0.05005  0.003628    0.0947        34       960    0.8925    0.8494    0.9312    0.7183    0.0173  0.009343         0
   119/299     12.2G   0.02156   0.01924         0   0.04962  0.003615   0.09404        25       960    0.8903    0.8523    0.9316    0.7185   0.01729  0.009341         0
   120/299     12.2G   0.02152   0.01928         0   0.04975  0.003613   0.09416        37       960    0.8928    0.8498    0.9313    0.7182   0.01729  0.009343         0
   121/299     12.2G   0.02146   0.01924         0   0.04938  0.003613   0.09369        43       960    0.8862    0.8548    0.9307    0.7183   0.01729  0.009339         0
   122/299     12.2G   0.02138   0.01924         0   0.04903  0.003602   0.09325        33       960    0.8875    0.8545    0.9306    0.7182   0.01727  0.009334         0
   123/299     12.2G   0.02143   0.01913         0   0.04931  0.003607   0.09347        61       960    0.8915    0.8515     0.931    0.7183   0.01725  0.009327         0
   124/299     12.2G   0.02134   0.01913         0   0.04864  0.003593   0.09271        41       960    0.8904    0.8529    0.9312    0.7187   0.01723  0.009321         0
   125/299     12.2G   0.02126   0.01908         0   0.04868  0.003596   0.09261        28       960     0.889    0.8548    0.9312    0.7193   0.01721  0.009316         0
   126/299     12.2G   0.02134   0.01918         0   0.04884  0.003599   0.09297        37       960    0.8956    0.8503    0.9316    0.7196   0.01719  0.009309         0
   127/299     12.2G   0.02132   0.01915         0   0.04865  0.003581   0.09271        31       960    0.8935    0.8519    0.9319    0.7198   0.01717  0.009302         0
   128/299     12.2G   0.02125   0.01914         0   0.04864  0.003576    0.0926        30       960    0.8933     0.852    0.9315    0.7199   0.01716  0.009293         0
   129/299     12.2G   0.02126    0.0191         0   0.04871  0.003584   0.09265        30       960    0.8958     0.851    0.9318    0.7202   0.01714  0.009286         0
   130/299     12.2G   0.02122   0.01911         0   0.04853  0.003573   0.09244        33       960    0.8852    0.8592    0.9318    0.7203   0.01713  0.009282         0
   131/299     12.2G   0.02122   0.01914         0   0.04861  0.003576   0.09255        23       960    0.8926    0.8533    0.9318    0.7204   0.01711  0.009277         0
   132/299     12.2G   0.02109   0.01907         0   0.04789  0.003555    0.0916        30       960    0.8831    0.8613    0.9321    0.7203    0.0171  0.009269         0
   133/299     12.2G   0.02114   0.01905         0   0.04848   0.00356   0.09223        28       960    0.8925    0.8526    0.9323    0.7205   0.01708   0.00926         0
   134/299     12.2G   0.02106   0.01899         0   0.04807  0.003555   0.09167        43       960    0.8843    0.8624    0.9325    0.7208   0.01707  0.009252         0
   135/299     12.2G   0.02108   0.01902         0   0.04802  0.003546   0.09167        26       960    0.8852    0.8622    0.9327    0.7209   0.01705  0.009247         0
   136/299     12.2G   0.02114   0.01902         0   0.04826  0.003548   0.09197        37       960    0.8952    0.8511    0.9325    0.7213   0.01704   0.00924         0
   137/299     12.2G   0.02109   0.01902         0   0.04797  0.003546   0.09162        31       960    0.8952    0.8519    0.9325    0.7221   0.01702  0.009232         0
   138/299     12.2G   0.02105   0.01891         0   0.04773  0.003537   0.09123        29       960    0.8953    0.8534    0.9327     0.722   0.01701  0.009225         0
   139/299     12.2G   0.02099   0.01908         0   0.04806   0.00354   0.09168        28       960    0.8945    0.8542    0.9328    0.7224   0.01699  0.009219         0
   140/299     12.2G   0.02089   0.01895         0   0.04756  0.003532   0.09093        29       960     0.892    0.8546    0.9326    0.7228   0.01698  0.009216         0
   141/299     12.2G   0.02098   0.01902         0   0.04786  0.003534   0.09139        35       960    0.8868    0.8589    0.9327    0.7227   0.01696  0.009215         0
   142/299     12.2G   0.02085   0.01885         0   0.04753  0.003524   0.09075        47       960    0.8889    0.8567    0.9326    0.7229   0.01695  0.009213         0
   143/299     12.2G   0.02089   0.01891         0   0.04747  0.003528    0.0908        47       960    0.8851      0.86    0.9328    0.7229   0.01694   0.00921         0
   144/299     12.2G   0.02074   0.01869         0   0.04699  0.003507   0.08992        23       960     0.874    0.8704    0.9329     0.723   0.01693  0.009208         0
   145/299     12.2G   0.02082   0.01882         0   0.04728  0.003516   0.09043        36       960    0.8745    0.8701    0.9328    0.7232   0.01693  0.009205         0
   146/299     12.2G   0.02073   0.01884         0   0.04692  0.003503   0.08999        35       960    0.8952    0.8503    0.9328    0.7238   0.01691  0.009197         0
   147/299     12.2G   0.02078   0.01887         0   0.04737  0.003503   0.09052        43       960    0.8907    0.8548    0.9329     0.724    0.0169  0.009193         0
   148/299     12.2G   0.02077   0.01875         0   0.04712  0.003497   0.09015        32       960    0.8747    0.8695    0.9328    0.7244    0.0169  0.009193         0
   149/299     12.2G   0.02105   0.01914         0   0.04781  0.003516   0.09152        30       960    0.8702    0.8733    0.9323    0.7235   0.01691  0.009221         0
   150/299     12.2G   0.02068   0.01881         0   0.04676  0.003492   0.08975        26       960    0.8883    0.8555    0.9322    0.7228   0.01691  0.009232         0
   151/299     12.2G   0.02065   0.01869         0   0.04661  0.003481   0.08942        63       960    0.8878    0.8566    0.9322     0.723   0.01689  0.009232         0
   152/299     12.2G    0.0206   0.01872         0   0.04648  0.003473   0.08927        19       960    0.8825     0.861    0.9325    0.7234   0.01687  0.009223         0
   153/299     12.2G   0.02059   0.01871         0   0.04643  0.003466   0.08919        28       960      0.89     0.855     0.933    0.7237   0.01686  0.009217         0
   154/299     12.2G    0.0205   0.01862         0   0.04632  0.003467   0.08891        20       960    0.8923    0.8519     0.933    0.7235   0.01684  0.009211         0
   155/299     12.2G   0.02056   0.01862         0   0.04641  0.003468   0.08906        19       960    0.8773    0.8666     0.933    0.7241   0.01681  0.009203         0
   156/299     12.2G   0.02045   0.01864         0   0.04604  0.003456   0.08859        54       960    0.8799    0.8654    0.9333    0.7245    0.0168  0.009193         0
   157/299     12.2G   0.02047   0.01857         0   0.04629  0.003447   0.08878        27       960    0.8812    0.8639    0.9334    0.7248   0.01678  0.009186         0
   158/299     12.2G   0.02043   0.01858         0   0.04593  0.003449   0.08839        45       960    0.8856    0.8616    0.9337    0.7251   0.01677   0.00918         0
   159/299     12.2G   0.02045   0.01857         0    0.0461  0.003443   0.08856        31       960    0.8843    0.8629    0.9341    0.7253   0.01676  0.009177         0
   160/299     12.2G   0.02034   0.01853         0   0.04558  0.003433   0.08789        33       960    0.8822    0.8652    0.9337    0.7257   0.01675   0.00917         0
   161/299     12.2G   0.02031   0.01852         0   0.04552  0.003427   0.08778        17       960    0.8838    0.8643    0.9336    0.7262   0.01673  0.009162         0
   162/299     12.2G   0.02038   0.01849         0   0.04592  0.003435   0.08822        26       960    0.8829    0.8657     0.934    0.7266   0.01672  0.009158         0
   163/299     12.2G   0.02038   0.01859         0   0.04588   0.00343   0.08828        40       960    0.8844    0.8651     0.934    0.7263    0.0167  0.009153         0
   164/299     12.2G   0.02029   0.01844         0   0.04542  0.003421   0.08757        30       960    0.8843    0.8652    0.9346    0.7269   0.01669  0.009147         0
   165/299     12.2G   0.02028    0.0185         0    0.0456  0.003429   0.08782        31       960    0.8871    0.8622    0.9346    0.7267   0.01668  0.009145         0
   166/299     12.2G   0.02015   0.01849         0   0.04516  0.003415   0.08721        26       960    0.8851    0.8637    0.9344    0.7276   0.01667   0.00914         0
   167/299     12.2G   0.02021   0.01846         0   0.04498    0.0034   0.08705        34       960    0.8846    0.8637    0.9342    0.7278   0.01665  0.009134         0
   168/299     12.2G   0.02009   0.01837         0   0.04495  0.003399   0.08681        21       960    0.8848    0.8633    0.9343    0.7282   0.01664  0.009129         0
   169/299     12.2G   0.02007   0.01843         0   0.04475  0.003388   0.08664        48       960    0.8834    0.8632    0.9345    0.7287   0.01662  0.009123         0
   170/299     12.2G   0.02007   0.01836         0   0.04486  0.003381   0.08667        34       960    0.8886     0.859    0.9349    0.7292   0.01661  0.009115         0
   171/299     12.2G   0.02005   0.01843         0   0.04495  0.003387   0.08682        35       960    0.8887    0.8595    0.9349    0.7295    0.0166   0.00911         0
   172/299     12.2G   0.02008   0.01842         0   0.04494  0.003388   0.08682        21       960    0.8955    0.8534    0.9348    0.7294   0.01659  0.009105         0
   173/299     12.2G   0.02002   0.01838         0   0.04474   0.00338   0.08652        41       960    0.8813     0.866    0.9349    0.7299   0.01658  0.009101         0
   174/299     12.2G   0.01998   0.01834         0   0.04453   0.00336   0.08622        34       960    0.8827    0.8656     0.935    0.7304   0.01657  0.009096         0
   175/299     12.2G   0.01998   0.01832         0   0.04456  0.003365   0.08623        40       960    0.8934    0.8574    0.9351    0.7305   0.01656  0.009091         0
   176/299     12.2G    0.0199   0.01829         0   0.04427  0.003356   0.08582        43       960    0.8903    0.8598     0.935    0.7307   0.01655  0.009085         0
   177/299     12.2G   0.01996   0.01836         0   0.04444  0.003361   0.08612        44       960    0.8907    0.8593    0.9352    0.7312   0.01653  0.009078         0
   178/299     12.2G   0.01985   0.01817         0   0.04399  0.003349   0.08537        26       960    0.8823    0.8674    0.9351    0.7315   0.01652  0.009073         0
   179/299     12.2G   0.01984   0.01815         0   0.04392  0.003342   0.08524        20       960    0.8896    0.8613    0.9355    0.7312   0.01651  0.009072         0
   180/299     12.2G   0.01993   0.01818         0   0.04422  0.003343   0.08567        40       960    0.8937    0.8571    0.9357    0.7313    0.0165  0.009071         0
   181/299     12.2G   0.01981   0.01818         0    0.0439  0.003333   0.08523        26       960    0.8946    0.8577    0.9358    0.7317   0.01649   0.00907         0
   182/299     12.2G   0.01985   0.01828         0   0.04392  0.003328   0.08537        26       960    0.8972    0.8545    0.9356    0.7316   0.01649  0.009074         0
   183/299     12.2G    0.0198   0.01825         0   0.04371  0.003324   0.08508        46       960    0.8958    0.8556    0.9357    0.7321   0.01648  0.009075         0
   184/299     12.2G   0.01979   0.01818         0   0.04399  0.003328   0.08529        46       960    0.8943    0.8567    0.9354    0.7324   0.01648  0.009076         0
   185/299     12.2G   0.01975   0.01813         0   0.04367  0.003322   0.08488        23       960    0.8833    0.8681    0.9358     0.732   0.01647  0.009073         0
   186/299     12.2G   0.01959   0.01804         0   0.04319  0.003314   0.08414        39       960    0.8931    0.8594    0.9359    0.7327   0.01646  0.009068         0
   187/299     12.2G   0.01944   0.01796         0   0.04268  0.003285   0.08336        36       960    0.8738    0.8781     0.936     0.733   0.01645   0.00906         0
   188/299     12.2G   0.01954   0.01805         0   0.04322  0.003309   0.08412        27       960    0.8832    0.8698     0.936    0.7323   0.01643  0.009055         0
   189/299     12.2G   0.01966   0.01821         0   0.04385  0.003322   0.08505        41       960    0.8842    0.8711     0.936    0.7329   0.01643  0.009055         0
   190/299     12.2G    0.0196   0.01819         0   0.04327  0.003296   0.08436        33       960    0.8816    0.8741    0.9362    0.7325   0.01642  0.009054         0
   191/299     12.2G   0.01949   0.01795         0   0.04286  0.003285   0.08358        42       960    0.8776    0.8777    0.9361    0.7326   0.01642  0.009053         0
   192/299     12.2G   0.01932   0.01783         0   0.04249   0.00327   0.08291        38       960    0.8902    0.8656    0.9362    0.7327   0.01641  0.009052         0
   193/299     12.2G   0.01942   0.01792         0    0.0426  0.003272   0.08321        24       960    0.8807    0.8747    0.9363     0.733    0.0164   0.00905         0
   194/299     12.2G   0.01936   0.01786         0   0.04242   0.00326    0.0829        42       960    0.8811    0.8741    0.9362    0.7329   0.01639  0.009047         0
   195/299     12.2G   0.01939   0.01797         0   0.04286  0.003277   0.08349        25       960    0.8848    0.8712    0.9363    0.7333   0.01638   0.00904         0
   196/299     12.2G   0.01935   0.01782         0   0.04236  0.003265   0.08279        32       960    0.8872    0.8702    0.9364    0.7338   0.01638  0.009035         0
   197/299     12.2G   0.01935   0.01793         0   0.04264  0.003265   0.08319        25       960      0.89    0.8671    0.9366    0.7338   0.01637   0.00903         0
   198/299     12.2G   0.01927   0.01783         0   0.04208  0.003244   0.08242        32       960    0.8849    0.8715    0.9366    0.7343   0.01637  0.009028         0
   199/299     12.2G    0.0193   0.01787         0   0.04218  0.003248    0.0826        23       960    0.8845    0.8726    0.9366    0.7342   0.01637  0.009025         0
   200/299     12.2G   0.01922   0.01784         0   0.04194  0.003241   0.08224        23       960    0.8916    0.8654    0.9367    0.7338   0.01637  0.009024         0
   201/299     12.2G   0.01914   0.01769         0   0.04174  0.003234    0.0818        27       960    0.8878    0.8711    0.9369     0.734   0.01636  0.009021         0
   202/299     12.2G   0.01918   0.01775         0   0.04182  0.003225   0.08198        23       960     0.889    0.8709     0.937    0.7342   0.01635  0.009019         0
   203/299     12.2G   0.01915   0.01776         0   0.04183  0.003235   0.08197        53       960    0.8876    0.8704    0.9366    0.7342   0.01634  0.009016         0
   204/299     12.2G   0.01916   0.01787         0    0.0417  0.003223   0.08196        31       960    0.8838    0.8737    0.9365    0.7346   0.01633  0.009012         0
   205/299     12.2G   0.01906   0.01765         0   0.04147  0.003215   0.08139        30       960     0.888    0.8684    0.9364    0.7347   0.01632  0.009009         0
   206/299     12.2G   0.01895   0.01752         0   0.04102  0.003198   0.08068        38       960    0.8861    0.8698    0.9363    0.7351   0.01631  0.009006         0
   207/299     12.2G   0.01892   0.01758         0   0.04104  0.003197   0.08073        27       960    0.8885    0.8679    0.9362    0.7348    0.0163  0.009002         0
   208/299     12.2G   0.01903   0.01759         0   0.04124  0.003205   0.08107        18       960    0.8918    0.8643    0.9363    0.7349   0.01629  0.009002         0
   209/299     12.2G   0.01893   0.01745         0   0.04096  0.003197   0.08054        28       960    0.8895    0.8667    0.9364    0.7355   0.01628  0.008998         0
   210/299     12.2G   0.01896    0.0176         0   0.04096  0.003195   0.08072        28       960    0.8934    0.8634    0.9368    0.7362   0.01627  0.008991         0
   211/299     12.2G   0.01886   0.01756         0   0.04079  0.003183    0.0804        34       960     0.894    0.8626    0.9367    0.7362   0.01626  0.008988         0
   212/299     12.2G   0.01873   0.01753         0   0.04033  0.003171   0.07976        30       960    0.8941    0.8626    0.9368    0.7363   0.01625  0.008985         0
   213/299     12.2G   0.01888   0.01761         0    0.0408  0.003171   0.08047        56       960    0.8874    0.8681     0.937     0.736   0.01624  0.008981         0
   214/299     12.2G   0.01879   0.01747         0   0.04054  0.003167   0.07996        35       960    0.8875    0.8685    0.9372     0.736   0.01623   0.00898         0
   215/299     12.2G   0.01875   0.01746         0   0.04042  0.003163   0.07979        27       960    0.8889    0.8668     0.937    0.7359   0.01622  0.008977         0
   216/299     12.2G   0.01893   0.01748         0   0.04068  0.003166   0.08025        28       960    0.8912    0.8638    0.9371     0.736   0.01622  0.008977         0
   217/299     12.2G   0.01866   0.01733         0    0.0402  0.003155   0.07934        12       960    0.8923     0.863     0.937     0.736   0.01622  0.008977         0
   218/299     12.2G   0.01851   0.01726         0   0.03985  0.003141   0.07876        25       960    0.8822    0.8726    0.9372    0.7359   0.01621  0.008976         0
   219/299     12.2G   0.01867   0.01735         0   0.04047  0.003154   0.07965        37       960    0.8798    0.8749    0.9375    0.7363   0.01619  0.008973         0
   220/299     12.2G   0.01872   0.01759         0   0.04081  0.003157   0.08028        28       960    0.8894    0.8662    0.9377    0.7364   0.01618  0.008972         0
   221/299     12.2G   0.01855   0.01732         0   0.03986  0.003129   0.07886        31       960     0.889    0.8673    0.9382    0.7366   0.01618  0.008972         0
   222/299     12.2G   0.01855   0.01732         0   0.04021  0.003132   0.07921        38       960    0.8896    0.8674    0.9383    0.7366   0.01617  0.008968         0
   223/299     12.2G   0.01854   0.01729         0   0.03997  0.003122   0.07892        37       960    0.8926    0.8648    0.9383    0.7368   0.01616  0.008968         0
   224/299     12.2G   0.01841   0.01727         0   0.03935  0.003107   0.07813        37       960    0.8917    0.8651    0.9382     0.737   0.01615  0.008966         0
   225/299     12.2G   0.01839   0.01724         0   0.03945  0.003108   0.07819        31       960    0.8944    0.8623    0.9381    0.7369   0.01615  0.008964         0
   226/299     12.2G   0.01837   0.01715         0   0.03943  0.003097   0.07805        31       960    0.8939    0.8633    0.9381    0.7369   0.01614  0.008961         0
   227/299     12.2G   0.01834   0.01717         0   0.03949  0.003103   0.07811        24       960     0.897    0.8611    0.9381    0.7372   0.01613  0.008958         0
   228/299     12.2G   0.01834   0.01721         0    0.0392    0.0031   0.07785        20       960    0.8992     0.858    0.9378    0.7373   0.01613  0.008954         0
   229/299     12.2G    0.0183   0.01714         0   0.03909  0.003086   0.07761        32       960    0.8949    0.8627    0.9381    0.7378   0.01612  0.008952         0
   230/299     12.2G    0.0183   0.01711         0   0.03893  0.003082   0.07742        36       960    0.8957    0.8625    0.9382     0.738   0.01611  0.008949         0
   231/299     12.2G   0.01823   0.01713         0   0.03885  0.003073   0.07729        30       960    0.8976    0.8591     0.938    0.7385    0.0161  0.008949         0
   232/299     12.2G   0.01814   0.01712         0   0.03892  0.003079   0.07726        34       960    0.8802    0.8772    0.9382     0.739   0.01609  0.008946         0
   233/299     12.2G    0.0182   0.01702         0    0.0387  0.003072   0.07698        39       960    0.8956    0.8618    0.9386    0.7387   0.01608  0.008945         0
   234/299     12.2G   0.01817   0.01703         0   0.03853  0.003064    0.0768        25       960    0.8821    0.8759    0.9386    0.7389   0.01607  0.008944         0
   235/299     12.2G    0.0181   0.01701         0   0.03834  0.003053   0.07651        31       960     0.881    0.8754    0.9383    0.7393   0.01605  0.008942         0
   236/299     12.2G   0.01819    0.0171         0    0.0387  0.003071   0.07705        41       960    0.8812    0.8769    0.9387    0.7387   0.01605   0.00894         0
   237/299     12.2G   0.01809   0.01697         0   0.03858  0.003054    0.0767        36       960    0.8783    0.8796    0.9387    0.7386   0.01604  0.008935         0
   238/299     12.2G   0.01792   0.01679         0   0.03809  0.003041   0.07585        42       960    0.8795    0.8788    0.9388     0.739   0.01603  0.008929         0
   239/299     12.2G   0.01793   0.01684         0   0.03796   0.00304   0.07577        26       960    0.8927    0.8648    0.9385    0.7389   0.01603  0.008927         0
   240/299     12.2G   0.01796   0.01685         0   0.03809   0.00304   0.07594        43       960    0.8893    0.8682    0.9381    0.7392   0.01603  0.008923         0
   241/299     12.2G   0.01796   0.01692         0     0.038  0.003031   0.07592        15       960    0.8882    0.8696    0.9384    0.7393   0.01602   0.00892         0
   242/299     12.2G   0.01802   0.01696         0   0.03839   0.00304    0.0764        60       960    0.8909    0.8677    0.9388    0.7394   0.01603  0.008919         0
   243/299     12.2G   0.01796   0.01682         0   0.03802  0.003024   0.07582        33       960    0.8745    0.8846    0.9383    0.7396   0.01603  0.008916         0
   244/299     12.2G   0.01785   0.01679         0   0.03797  0.003023   0.07563        17       960    0.8904    0.8685    0.9382    0.7394   0.01603  0.008913         0
   245/299     12.2G   0.01786   0.01689         0   0.03794  0.003017    0.0757        45       960    0.8909    0.8673    0.9375    0.7397   0.01602  0.008912         0
   246/299     12.2G    0.0177   0.01673         0   0.03719  0.002996   0.07461        45       960    0.8898    0.8695    0.9373      0.74   0.01601   0.00891         0
   247/299     12.2G   0.01764   0.01674         0   0.03728  0.002997   0.07466        25       960    0.8915    0.8678    0.9369      0.74     0.016   0.00891         0
   248/299     12.2G    0.0177   0.01665         0   0.03731  0.003001   0.07467        52       960    0.8911    0.8681    0.9366    0.7402   0.01599  0.008912         0
   249/299     12.2G   0.01758   0.01659         0     0.037  0.002986   0.07415        34       960    0.8881    0.8703    0.9372    0.7402   0.01598  0.008909         0
   250/299     12.2G   0.01758   0.01662         0   0.03712  0.002991   0.07431        55       960     0.886    0.8737    0.9378    0.7409   0.01597  0.008906         0
   251/299     12.2G   0.01758   0.01667         0    0.0369  0.002982   0.07413        53       960    0.8863    0.8729    0.9379     0.741   0.01596  0.008901         0
   252/299     12.2G   0.01758    0.0167         0   0.03675  0.002969     0.074        50       960    0.8896    0.8691    0.9374    0.7415   0.01596  0.008902         0
   253/299     12.2G   0.01749   0.01648         0    0.0366  0.002963   0.07353        37       960    0.8884    0.8719    0.9385    0.7416   0.01596  0.008903         0
   254/299     12.2G   0.01744   0.01652         0   0.03661  0.002963   0.07353        28       960    0.8893    0.8696    0.9381    0.7419   0.01596  0.008901         0
   255/299     12.2G   0.01746   0.01657         0   0.03664  0.002966   0.07364        21       960    0.8929    0.8667    0.9383    0.7421   0.01595  0.008898         0
   256/299     12.2G   0.01739   0.01645         0   0.03642  0.002957   0.07321        34       960    0.8934    0.8659    0.9385    0.7422   0.01595  0.008898         0
   257/299     12.2G   0.01736   0.01642         0   0.03647  0.002951    0.0732        50       960    0.8961    0.8631    0.9387    0.7419   0.01595  0.008901         0
   258/299     12.2G   0.01727   0.01635         0   0.03608  0.002939   0.07264        21       960    0.8977     0.862    0.9388    0.7419   0.01594  0.008902         0
   259/299     12.2G   0.01737   0.01639         0   0.03618  0.002944   0.07289        37       960    0.8977    0.8633    0.9391     0.742   0.01594  0.008904         0
   260/299     12.2G   0.01741   0.01642         0   0.03624  0.002935   0.07301        47       960    0.8962    0.8641    0.9391    0.7423   0.01593  0.008905         0
   261/299     12.2G   0.01738    0.0164         0   0.03628  0.002937     0.073        26       960    0.8917    0.8684     0.939    0.7423   0.01593  0.008905         0
   262/299     12.2G   0.01744   0.01651         0   0.03675   0.00295   0.07365        24       960    0.8855    0.8742    0.9388    0.7419   0.01592  0.008906         0
   263/299     12.2G   0.01727   0.01636         0    0.0361  0.002938   0.07267        28       960    0.8908    0.8707    0.9391    0.7418   0.01592  0.008907         0
   264/299     12.2G   0.01724   0.01639         0   0.03615   0.00293   0.07271        24       960    0.8952    0.8668    0.9387    0.7422   0.01592  0.008906         0
   265/299     12.2G   0.01717   0.01638         0    0.0358  0.002917   0.07227        62       960    0.8902    0.8707    0.9386    0.7425   0.01591  0.008907         0
   266/299     12.2G   0.01714   0.01621         0   0.03558  0.002908   0.07184        20       960    0.8916    0.8698    0.9391    0.7426   0.01589  0.008907         0
   267/299     12.2G   0.01714   0.01635         0    0.0356  0.002905   0.07199        40       960    0.8895     0.871     0.939    0.7426   0.01588  0.008905         0
   268/299     12.2G   0.01708   0.01619         0   0.03541  0.002901   0.07158        18       960    0.8893    0.8715    0.9393    0.7425   0.01588  0.008906         0
   269/299     12.2G    0.0171   0.01628         0   0.03549  0.002901   0.07177        38       960    0.8968    0.8648    0.9394    0.7425   0.01588  0.008906         0
   270/299     12.2G   0.01703   0.01615         0   0.03526  0.002895   0.07133        25       960    0.8937    0.8673    0.9395    0.7427   0.01587  0.008904         0
   271/299     12.2G    0.0171   0.01621         0   0.03528  0.002898   0.07149        23       960       0.9    0.8605    0.9393    0.7431   0.01587  0.008901         0
   272/299     12.2G   0.01706   0.01612         0   0.03519  0.002895   0.07126        43       960    0.8839    0.8756    0.9392    0.7434   0.01586  0.008899         0
   273/299     12.2G     0.017   0.01612         0   0.03514  0.002894   0.07115        35       960    0.8877    0.8722    0.9392     0.743   0.01586  0.008898         0
   274/299     12.2G   0.01701   0.01609         0   0.03525  0.002891   0.07124        34       960     0.884    0.8761    0.9396    0.7428   0.01586  0.008897         0
   275/299     12.2G   0.01698   0.01605         0   0.03488  0.002876    0.0708        35       960    0.8916    0.8689     0.939    0.7422   0.01586  0.008901         0
   276/299     12.2G   0.01691   0.01604         0    0.0348  0.002875   0.07063        16       960    0.8874    0.8725    0.9383    0.7424   0.01587  0.008906         0
   277/299     12.2G   0.01697   0.01609         0   0.03502  0.002883   0.07096        22       960    0.8914    0.8658     0.937     0.742   0.01586  0.008912         0
   278/299     12.2G   0.01698   0.01612         0   0.03516  0.002881   0.07114        38       960    0.8908    0.8696    0.9384    0.7426   0.01586  0.008909         0
   279/299     12.2G   0.01692   0.01607         0   0.03509   0.00287   0.07095        42       960    0.8933    0.8686    0.9387    0.7425   0.01586  0.008909         0
   280/299     12.2G   0.01686   0.01601         0   0.03477  0.002862    0.0705        39       960    0.8929    0.8714    0.9392    0.7421   0.01585   0.00891         0
   281/299     12.2G    0.0169     0.016         0   0.03491  0.002871   0.07068        25       960    0.8936    0.8702    0.9391    0.7426   0.01585  0.008912         0
   282/299     12.2G   0.01685   0.01606         0    0.0347  0.002861   0.07047        42       960    0.8943    0.8712    0.9394    0.7431   0.01585  0.008914         0
   283/299     12.2G    0.0168   0.01592         0   0.03467  0.002861   0.07026        33       960    0.8926    0.8723     0.939    0.7432   0.01585  0.008915         0
   284/299     12.2G    0.0168   0.01589         0   0.03469  0.002852   0.07023        25       960    0.8918     0.872     0.939    0.7432   0.01585  0.008916         0
   285/299     12.2G   0.01687   0.01608         0   0.03491  0.002863   0.07072        32       960    0.8907    0.8721    0.9394    0.7429   0.01585  0.008917         0
   286/299     12.2G    0.0168   0.01593         0   0.03448  0.002855   0.07007        35       960    0.8891    0.8731    0.9399    0.7433   0.01585  0.008919         0
   287/299     12.2G   0.01692   0.01605         0   0.03482   0.00286   0.07065        27       960    0.8955    0.8652    0.9394    0.7432   0.01584  0.008922         0
   288/299     12.2G   0.01675   0.01588         0   0.03455  0.002849   0.07003        33       960    0.8864     0.875    0.9395    0.7434   0.01585  0.008924         0
   289/299     12.2G   0.01674   0.01591         0   0.03461  0.002858   0.07011        27       960    0.8843    0.8781    0.9393    0.7436   0.01585  0.008922         0
   290/299     12.2G   0.01677   0.01583         0    0.0345  0.002852   0.06994        36       960    0.8819     0.879    0.9389    0.7434   0.01585  0.008922         0
   291/299     12.2G   0.01672   0.01592         0   0.03455  0.002849   0.07004        20       960    0.8918    0.8694    0.9394    0.7436   0.01584  0.008922         0
   292/299     12.2G   0.01681   0.01596         0   0.03445  0.002848   0.07008        23       960    0.8951    0.8665    0.9395    0.7435   0.01585  0.008923         0
   293/299     12.2G   0.01675   0.01594         0    0.0342  0.002842   0.06973        53       960    0.8765    0.8848    0.9394    0.7435   0.01585  0.008922         0
   294/299     12.2G   0.01667   0.01589         0   0.03425  0.002838   0.06964        25       960    0.8896    0.8719    0.9392     0.744   0.01586  0.008921         0
   295/299     12.2G   0.01667    0.0159         0   0.03437  0.002833   0.06976        33       960     0.891    0.8704     0.939    0.7436   0.01586  0.008921         0
   296/299     12.2G   0.01659   0.01578         0    0.0342   0.00283    0.0694        37       960    0.8973    0.8663    0.9395    0.7441   0.01586  0.008921         0
   297/299     12.2G   0.01671   0.01582         0   0.03443  0.002837   0.06979        25       960    0.8976    0.8663    0.9398    0.7442   0.01586  0.008923         0
   298/299     12.2G   0.01672   0.01587         0   0.03432  0.002841   0.06975        29       960    0.8881     0.875    0.9395    0.7441   0.01586  0.008926         0
   299/299     12.2G   0.01675   0.01589         0   0.03437  0.002837   0.06985        25       960    0.8995    0.8651      0.94    0.7441   0.01586  0.008929         0
