     0/299     5.35G   0.08033   0.03761         0    0.1835  0.008379    0.3098        34       960   0.06145    0.1644    0.0345   0.00664    0.0638   0.02116         0
     1/299     12.8G   0.05362   0.03285         0    0.1584  0.007553    0.2524        21       960    0.6742    0.5775    0.6269    0.2801   0.03925   0.01663         0
     2/299     13.9G    0.0428   0.02984         0    0.1303  0.006777    0.2098        27       960    0.7551     0.664    0.7404    0.3986   0.03353   0.01507         0
     3/299     13.9G   0.03695   0.02773         0    0.1115  0.006052    0.1822        41       960    0.7892     0.728    0.8045    0.4862   0.02948   0.01387         0
     4/299     13.9G   0.03357   0.02638         0    0.1012  0.005495    0.1667        24       960    0.8134    0.7491    0.8304    0.5301   0.02706   0.01309         0
     5/299     13.9G   0.03188   0.02537         0    0.0957  0.005201    0.1581        37       960    0.8275    0.7631    0.8524    0.5585   0.02562   0.01245         0
     6/299     13.9G   0.03046   0.02457         0   0.09026  0.005001    0.1503        31       960    0.8372    0.7837     0.867    0.5816   0.02447   0.01202         0
     7/299     13.9G   0.02959   0.02396         0   0.08652  0.004873    0.1449        32       960    0.8355    0.8012    0.8759    0.5972   0.02376   0.01175         0
     8/299     13.9G   0.02885   0.02375         0   0.08338  0.004774    0.1408        25       960    0.8607    0.7898    0.8831    0.6094   0.02313   0.01149         0
     9/299     13.9G   0.02831   0.02331         0   0.08105    0.0047    0.1374        32       960    0.8592    0.7993     0.887    0.6184   0.02262   0.01134         0
    10/299     13.9G   0.02776   0.02306         0   0.07835  0.004627    0.1338        47       960    0.8616    0.8062    0.8917    0.6282   0.02222   0.01117         0
    11/299     13.9G   0.02736   0.02279         0    0.0764  0.004571    0.1311        33       960    0.8699    0.8021    0.8926    0.6336    0.0219   0.01106         0
    12/299     13.9G   0.02699   0.02251         0   0.07475  0.004529    0.1288        32       960    0.8765    0.8009    0.8961    0.6385   0.02168   0.01097         0
    13/299     13.9G   0.02661   0.02228         0   0.07316  0.004487    0.1265        36       960    0.8708     0.809    0.8988    0.6438    0.0215   0.01089         0
    14/299     13.9G   0.02645    0.0223         0   0.07206  0.004453    0.1253        44       960    0.8733    0.8076    0.8998    0.6469    0.0214   0.01085         0
    15/299     13.9G   0.02611   0.02195         0   0.07042  0.004419    0.1229        29       960    0.8733    0.8085    0.9015    0.6497   0.02132   0.01081         0
    16/299     13.9G   0.02594   0.02189         0   0.06881   0.00439     0.121        42       960    0.8738    0.8087    0.9031    0.6525   0.02127   0.01079         0
    17/299     13.9G   0.02569   0.02178         0   0.06785  0.004365    0.1197        35       960    0.8734    0.8114     0.904    0.6543   0.02125    0.0108         0
    18/299     13.9G   0.02557   0.02161         0    0.0675  0.004346     0.119        47       960    0.8686    0.8182     0.905    0.6561   0.02128   0.01082         0
    19/299     13.9G   0.02536   0.02154         0   0.06617  0.004312    0.1174        38       960    0.8551    0.8322    0.9051    0.6568   0.02133   0.01086         0
    20/299     13.9G   0.02526   0.02152         0   0.06551   0.00429    0.1166        28       960    0.8544    0.8344    0.9059    0.6577    0.0214   0.01091         0
    21/299     13.9G   0.02515   0.02148         0   0.06511  0.004272     0.116        41       960    0.8566    0.8334    0.9065    0.6593   0.02149   0.01097         0
    22/299     13.9G     0.025   0.02137         0   0.06463  0.004261    0.1153        33       960    0.8776    0.8149    0.9072    0.6603   0.02161   0.01106         0
    23/299     13.9G   0.02483   0.02124         0   0.06384  0.004237    0.1141        24       960    0.8633      0.83    0.9076    0.6604   0.02173   0.01117         0
    24/299     13.9G   0.02475   0.02116         0   0.06299  0.004215    0.1131        18       960    0.8518    0.8433    0.9089    0.6622   0.02186   0.01129         0
    25/299     13.9G   0.02457    0.0211         0   0.06237  0.004203    0.1122        23       960    0.8511    0.8448    0.9091    0.6637     0.022   0.01142         0
    26/299     13.9G   0.02452   0.02102         0   0.06194  0.004183    0.1117        58       960    0.8522     0.847    0.9098    0.6651   0.02214   0.01156         0
    27/299     13.9G   0.02439   0.02097         0   0.06133  0.004174    0.1109        21       960     0.855    0.8435    0.9099    0.6662    0.0223   0.01172         0
    28/299     13.9G    0.0244   0.02095         0   0.06142  0.004167    0.1109        54       960    0.8692    0.8329     0.911    0.6673   0.02245   0.01187         0
    29/299     13.9G   0.02419   0.02086         0   0.06085   0.00415    0.1101        23       960    0.8726    0.8306    0.9117    0.6684    0.0226   0.01202         0
    30/299     13.9G   0.02477   0.02143         0   0.06232  0.004177    0.1127        26       960    0.8674    0.8268    0.9081    0.6646   0.02292   0.01222         0
    31/299     13.9G   0.02437   0.02109         0   0.06091  0.004135    0.1105        36       960    0.8572     0.829    0.9034    0.6588   0.02329   0.01246         0
    32/299     13.9G   0.02423   0.02085         0   0.06036  0.004122    0.1096        30       960    0.8766    0.8086    0.9025    0.6583   0.02344    0.0126         0
    33/299     13.9G   0.02398    0.0207         0   0.05937    0.0041    0.1081        35       960    0.8597    0.8254    0.9027    0.6606    0.0235    0.0127         0
    34/299     13.9G   0.02406   0.02081         0   0.05976  0.004102    0.1087        41       960    0.8587    0.8289    0.9042    0.6619    0.0235   0.01276         0
    35/299     13.9G   0.02394   0.02065         0   0.05927  0.004092    0.1079        24       960    0.8686    0.8223    0.9054    0.6644   0.02347   0.01281         0
    36/299     13.9G    0.0239   0.02065         0    0.0588  0.004075    0.1074        18       960    0.8716    0.8222    0.9073    0.6658   0.02344   0.01287         0
    37/299     13.9G   0.02375   0.02053         0   0.05864  0.004071     0.107        36       960    0.8542    0.8394    0.9084    0.6686   0.02336    0.0129         0
    38/299     13.9G   0.02373   0.02048         0   0.05814  0.004056    0.1064        30       960      0.88    0.8178    0.9096    0.6706   0.02325   0.01291         0
    39/299     13.9G    0.0237   0.02051         0   0.05806  0.004049    0.1063        27       960    0.8538    0.8439    0.9112    0.6725   0.02314    0.0129         0
    40/299     13.9G   0.02365   0.02043         0    0.0578  0.004032    0.1059        32       960    0.8667    0.8336    0.9123    0.6743   0.02302   0.01287         0
    41/299     13.9G   0.02353   0.02045         0   0.05771  0.004037    0.1057        31       960    0.8755    0.8272    0.9131    0.6761   0.02288   0.01281         0
    42/299     13.9G   0.02349   0.02041         0    0.0572  0.004023    0.1051        42       960    0.8607    0.8437    0.9141    0.6773   0.02274   0.01276         0
    43/299     13.9G   0.02339   0.02041         0   0.05704  0.004018    0.1049        21       960    0.8587    0.8448    0.9149    0.6789   0.02258   0.01268         0
    44/299     13.9G   0.02333   0.02035         0   0.05696  0.004019    0.1047        45       960    0.8567    0.8487     0.916      0.68   0.02243    0.0126         0
    45/299     13.9G   0.02342    0.0203         0   0.05689  0.004005    0.1046        38       960    0.8857    0.8261    0.9169    0.6811   0.02225   0.01251         0
    46/299     13.9G   0.02329   0.02034         0   0.05653     0.004    0.1042        19       960    0.8754    0.8353    0.9171     0.682   0.02206   0.01242         0
    47/299     13.9G   0.02332   0.02031         0   0.05664  0.003992    0.1043        39       960    0.8758    0.8353    0.9176    0.6833   0.02187    0.0123         0
    48/299     13.9G   0.02322    0.0203         0   0.05613  0.003978    0.1036        22       960    0.8847    0.8274    0.9181    0.6841   0.02168   0.01219         0
    49/299     13.9G   0.02318   0.02014         0     0.056  0.003968    0.1033        30       960    0.8816    0.8325    0.9187    0.6852   0.02149   0.01207         0
    50/299     13.9G   0.02315    0.0202         0   0.05589  0.003968    0.1032        27       960    0.8809    0.8336    0.9195    0.6872   0.02129   0.01195         0
    51/299     13.9G    0.0231   0.02021         0   0.05584  0.003966    0.1031        32       960    0.8667    0.8485    0.9206    0.6879   0.02109   0.01183         0
    52/299     13.9G   0.02305    0.0201         0   0.05534  0.003946    0.1024        39       960    0.8655    0.8508    0.9208    0.6887    0.0209   0.01171         0
    53/299     13.9G    0.0231   0.02012         0   0.05561   0.00395    0.1028        36       960    0.8697    0.8467    0.9212    0.6892   0.02071   0.01159         0
    54/299     13.9G   0.02302   0.02019         0   0.05531  0.003944    0.1025        53       960    0.8674    0.8493    0.9216    0.6896   0.02052   0.01147         0
    55/299     13.9G     0.023   0.02006         0    0.0553  0.003932    0.1023        22       960    0.8626    0.8548    0.9218      0.69   0.02035   0.01135         0
    56/299     13.9G   0.02287   0.02004         0   0.05487   0.00392    0.1017        37       960    0.8632    0.8571    0.9223    0.6915   0.02016   0.01123         0
    57/299     13.9G   0.02289   0.02008         0   0.05479  0.003915    0.1017        34       960    0.8695    0.8514    0.9228    0.6927      0.02   0.01112         0
    58/299     13.9G   0.02284   0.02003         0   0.05458  0.003918    0.1014        47       960    0.8656    0.8567    0.9232    0.6935   0.01984   0.01101         0
    59/299     13.9G   0.02278   0.01994         0   0.05441  0.003905     0.101        29       960     0.866    0.8571    0.9233     0.694    0.0197   0.01091         0
    60/299     13.9G   0.02281   0.01994         0   0.05443    0.0039    0.1011        31       960    0.8664    0.8575    0.9235     0.695   0.01956   0.01082         0
    61/299     13.9G   0.02286   0.01997         0   0.05484  0.003905    0.1016        37       960     0.864    0.8602    0.9235    0.6958   0.01944   0.01073         0
    62/299     13.9G   0.02269   0.01988         0   0.05408  0.003884    0.1005        35       960    0.8793    0.8476    0.9246    0.6967   0.01931   0.01064         0
    63/299     13.9G   0.02264   0.01993         0   0.05402  0.003876    0.1005        36       960    0.8632    0.8626    0.9251    0.6977   0.01919   0.01055         0
    64/299     13.9G   0.02259   0.01988         0   0.05382  0.003871    0.1002        24       960    0.8919    0.8372    0.9254    0.6987   0.01907   0.01047         0
    65/299     13.9G   0.02271   0.01997         0   0.05394  0.003876    0.1005        32       960    0.8935    0.8355    0.9257    0.6996   0.01896    0.0104         0
    66/299     13.9G   0.02271   0.01997         0   0.05444  0.003881     0.101        24       960    0.8887    0.8407     0.926    0.7002   0.01886   0.01034         0
    67/299     13.9G   0.02273   0.02006         0   0.05437  0.003879     0.101        25       960    0.8894    0.8413    0.9264    0.7002   0.01877   0.01027         0
    68/299     13.9G   0.02249   0.01987         0   0.05332  0.003855   0.09954        46       960    0.8891    0.8415    0.9266    0.7012   0.01868   0.01021         0
    69/299     13.9G   0.02257   0.01995         0   0.05343  0.003846    0.0998        38       960    0.8618    0.8688    0.9272    0.7021   0.01859   0.01014         0
    70/299     13.9G   0.02249   0.01977         0   0.05338  0.003843   0.09948        35       960     0.871    0.8599    0.9275    0.7027    0.0185   0.01008         0
    71/299     13.9G   0.02243   0.01981         0   0.05314  0.003838   0.09921        29       960    0.8592    0.8709    0.9277    0.7035   0.01842   0.01004         0
    72/299     13.9G   0.02238   0.01969         0   0.05309  0.003831   0.09899        40       960    0.8624    0.8687    0.9279    0.7036   0.01836  0.009995         0
    73/299     13.9G   0.02228   0.01974         0   0.05269   0.00382   0.09853        19       960    0.8592    0.8722     0.928     0.704   0.01828  0.009946         0
    74/299     13.9G   0.02237    0.0197         0   0.05291  0.003825    0.0988        46       960    0.8607    0.8699     0.928    0.7044   0.01822  0.009908         0
    75/299     13.9G    0.0224   0.01981         0   0.05276  0.003823   0.09879        37       960    0.8664    0.8652    0.9279    0.7048   0.01815  0.009874         0
    76/299     13.9G   0.02231   0.01964         0   0.05234  0.003804   0.09809        22       960    0.8652    0.8663    0.9278    0.7056    0.0181  0.009839         0
    77/299     13.9G   0.02227   0.01974         0    0.0526  0.003797   0.09841        17       960    0.8621    0.8691    0.9277     0.706   0.01805  0.009803         0
    78/299     13.9G   0.02218   0.01958         0   0.05211  0.003792   0.09767        48       960    0.8648    0.8665     0.928    0.7064   0.01799  0.009774         0
    79/299     13.9G   0.02231   0.01973         0    0.0523  0.003788   0.09812        40       960     0.865    0.8654    0.9279    0.7068   0.01795  0.009745         0
    80/299     13.9G   0.02222   0.01959         0   0.05209  0.003787   0.09768        26       960    0.8721    0.8567     0.928    0.7079    0.0179  0.009713         0
    81/299     13.9G   0.02226   0.01978         0   0.05215  0.003777   0.09797        26       960    0.8745    0.8553    0.9277    0.7087   0.01786  0.009685         0
    82/299     13.9G   0.02226   0.01974         0   0.05196  0.003775   0.09773        25       960    0.8878    0.8434    0.9279     0.709   0.01784   0.00967         0
    83/299     13.9G   0.02228   0.01969         0   0.05241  0.003784   0.09816        37       960    0.8764    0.8525    0.9277    0.7093   0.01781  0.009653         0
    84/299     13.9G   0.02206   0.01961         0   0.05171  0.003768   0.09715        26       960    0.8837    0.8463    0.9276    0.7097   0.01777  0.009635         0
    85/299     13.9G   0.02258   0.02004         0   0.05331  0.003807   0.09974        43       960    0.8809    0.8474    0.9273    0.7097   0.01776  0.009621         0
    86/299     13.9G    0.0225   0.02016         0   0.05312  0.003802   0.09958        32       960    0.8875    0.8401    0.9265     0.708   0.01779  0.009649         0
    87/299     13.9G    0.0224   0.01977         0   0.05293  0.003784   0.09888        27       960    0.8841    0.8423    0.9261    0.7073   0.01781  0.009656         0
    88/299     13.9G   0.02214   0.01973         0   0.05205   0.00377   0.09769        22       960    0.8589    0.8663    0.9262     0.707    0.0178  0.009642         0
    89/299     13.9G   0.02218   0.01982         0   0.05222  0.003766   0.09798        38       960    0.8645    0.8621    0.9261    0.7082   0.01777  0.009622         0
    90/299     13.9G   0.02207   0.01977         0   0.05162   0.00375   0.09721        22       960    0.8632    0.8634    0.9267    0.7088   0.01774  0.009597         0
    91/299     13.9G   0.02211   0.01968         0   0.05162  0.003756   0.09717        47       960     0.875    0.8527    0.9272    0.7091   0.01771  0.009579         0
    92/299     13.9G   0.02238   0.02004         0    0.0525  0.003772   0.09868        42       960    0.8823     0.846    0.9268    0.7088    0.0177  0.009556         0
    93/299     13.9G     0.022   0.01946         0    0.0512   0.00374   0.09639        32       960    0.8687    0.8591     0.927    0.7093   0.01767  0.009541         0
    94/299     13.9G   0.02179    0.0194         0   0.05059  0.003719    0.0955        30       960    0.8729     0.856    0.9273      0.71   0.01763  0.009527         0
    95/299     13.9G    0.0221    0.0197         0   0.05121  0.003731   0.09675        33       960    0.8704    0.8569    0.9274     0.711   0.01759  0.009517         0
    96/299     13.9G   0.02195    0.0195         0     0.051  0.003724   0.09618        27       960    0.8778     0.849    0.9275    0.7116   0.01757  0.009503         0
    97/299     13.9G   0.02183   0.01953         0    0.0508  0.003714   0.09588        44       960    0.8811    0.8468     0.928    0.7119   0.01754  0.009488         0
    98/299     13.9G   0.02195   0.01962         0   0.05141  0.003722    0.0967        41       960    0.8591    0.8689    0.9282    0.7117   0.01751  0.009472         0
    99/299     13.9G   0.02178   0.01931         0   0.05027  0.003695   0.09506        23       960    0.8811    0.8478    0.9284    0.7123   0.01748   0.00946         0
   100/299     13.9G   0.02164   0.01935         0   0.05027  0.003694   0.09496        30       960    0.8793    0.8511    0.9288    0.7129   0.01745  0.009444         0
   101/299     13.9G   0.02174   0.01929         0   0.05047    0.0037    0.0952        27       960    0.8729    0.8574    0.9289    0.7133   0.01743  0.009437         0
   102/299     13.9G   0.02161   0.01924         0   0.04993  0.003684   0.09446        43       960    0.8652    0.8676    0.9293     0.714    0.0174  0.009424         0
   103/299     13.9G   0.02154   0.01935         0   0.04993  0.003685    0.0945        29       960    0.8708    0.8621    0.9292    0.7145   0.01738  0.009414         0
   104/299     13.9G   0.02168   0.01936         0   0.05056  0.003687   0.09529        19       960    0.8895    0.8443    0.9293    0.7155   0.01736  0.009401         0
   105/299     13.9G   0.02154   0.01926         0   0.05009  0.003674   0.09456        44       960    0.8678    0.8643    0.9293    0.7156   0.01733  0.009389         0
   106/299     13.9G   0.02168   0.01933         0   0.05022  0.003673    0.0949        33       960    0.8679    0.8639    0.9294    0.7156   0.01731   0.00938         0
   107/299     13.9G   0.02158   0.01939         0   0.04996  0.003672    0.0946        27       960    0.8792    0.8555      0.93    0.7157   0.01729  0.009372         0
   108/299     13.9G   0.02155   0.01935         0   0.04989  0.003665   0.09445        27       960    0.8778    0.8581    0.9301    0.7162   0.01727  0.009362         0
   109/299     13.9G   0.02193   0.01969         0   0.05077  0.003694   0.09609        40       960    0.8723    0.8616    0.9301    0.7169   0.01727  0.009358         0
   110/299     13.9G   0.02158   0.01928         0      0.05  0.003668   0.09452        25       960    0.8715    0.8637    0.9307    0.7169   0.01725   0.00935         0
   111/299     13.9G   0.02143   0.01931         0   0.04951  0.003649    0.0939        42       960    0.8872    0.8484     0.931    0.7167   0.01723  0.009342         0
   112/299     13.9G   0.02152   0.01931         0   0.04987  0.003658   0.09436        34       960    0.8751    0.8605    0.9311    0.7172   0.01721  0.009331         0
   113/299     13.9G   0.02132    0.0191         0   0.04862  0.003627   0.09266        20       960    0.8759    0.8602    0.9312    0.7177   0.01718  0.009315         0
   114/299     13.9G   0.02137   0.01914         0   0.04939  0.003636   0.09354        41       960    0.8771      0.86    0.9311    0.7186   0.01715  0.009307         0
   115/299     13.9G    0.0212   0.01902         0   0.04861  0.003619   0.09245        30       960     0.877    0.8605    0.9311    0.7191   0.01713  0.009297         0
   116/299     13.9G    0.0213   0.01907         0   0.04925   0.00363   0.09325        27       960    0.8781    0.8584    0.9313    0.7199   0.01711  0.009288         0
   117/299     13.9G   0.02127    0.0191         0   0.04876   0.00362   0.09275        30       960    0.8779    0.8593    0.9312      0.72   0.01709  0.009276         0
   118/299     13.9G   0.02128   0.01908         0   0.04909  0.003625   0.09308        45       960    0.8831     0.855    0.9309    0.7202   0.01707  0.009267         0
   119/299     13.9G   0.02135   0.01916         0    0.0494   0.00363   0.09354        40       960    0.8836     0.855    0.9316    0.7204   0.01706   0.00926         0
   120/299     13.9G   0.02148   0.01923         0   0.04991  0.003633   0.09425        21       960    0.8786    0.8627     0.932    0.7217   0.01704  0.009237         0
   121/299     13.9G   0.02124   0.01913         0   0.04881  0.003606   0.09278        37       960    0.8827    0.8578    0.9321    0.7224   0.01701  0.009226         0
   122/299     13.9G   0.02115     0.019         0   0.04852  0.003602   0.09227        27       960    0.8817    0.8604    0.9327    0.7224   0.01699  0.009219         0
   123/299     13.9G    0.0213   0.01921         0   0.04937  0.003614   0.09349        38       960    0.8782    0.8626    0.9326    0.7229   0.01697  0.009215         0
   124/299     13.9G   0.02124   0.01914         0   0.04871  0.003605    0.0927        30       960    0.8781    0.8626    0.9328    0.7227   0.01696  0.009214         0
   125/299     13.9G   0.02114   0.01911         0   0.04862  0.003601   0.09247        25       960    0.8736    0.8674    0.9327    0.7227   0.01695  0.009215         0
   126/299     13.9G   0.02119   0.01907         0   0.04848  0.003599   0.09233        44       960    0.8752    0.8668    0.9326    0.7227   0.01695  0.009217         0
   127/299     13.9G   0.02108   0.01902         0   0.04811  0.003575   0.09179        37       960     0.878    0.8654    0.9328    0.7227   0.01693  0.009215         0
   128/299     13.9G   0.02106   0.01889         0   0.04808  0.003577   0.09159        27       960    0.8729     0.869    0.9328     0.723   0.01691  0.009211         0
   129/299     13.9G   0.02104   0.01891         0   0.04796  0.003572   0.09148        27       960    0.8733    0.8683    0.9327    0.7232    0.0169  0.009208         0
   130/299     13.9G   0.02099   0.01886         0   0.04776  0.003572   0.09118        31       960    0.8755    0.8659    0.9326    0.7237   0.01689  0.009203         0
   131/299     13.9G   0.02094   0.01884         0   0.04782  0.003571   0.09117        27       960      0.88    0.8607    0.9329    0.7243   0.01687  0.009196         0
   132/299     13.9G   0.02095   0.01897         0   0.04779  0.003567   0.09129        25       960    0.8859    0.8555     0.933    0.7247   0.01686   0.00919         0
   133/299     13.9G   0.02108   0.01906         0   0.04807   0.00357   0.09177        38       960    0.8807    0.8611    0.9336    0.7252   0.01685  0.009188         0
   134/299     13.9G   0.02092   0.01888         0    0.0477  0.003561   0.09106        32       960    0.8804    0.8621    0.9347    0.7249   0.01684  0.009184         0
   135/299     13.9G   0.02098   0.01905         0   0.04779  0.003553   0.09137        19       960    0.8823    0.8589     0.934    0.7249   0.01684  0.009189         0
   136/299     13.9G   0.02081   0.01874         0   0.04717  0.003536   0.09026        36       960    0.8838    0.8563    0.9334    0.7238   0.01685  0.009202         0
   137/299     13.9G   0.02098   0.01908         0   0.04791   0.00355   0.09152        39       960    0.8876     0.852    0.9338    0.7232   0.01684    0.0092         0
   138/299     13.9G   0.02082   0.01896         0   0.04725  0.003534   0.09056        27       960    0.8903    0.8503    0.9336    0.7236   0.01683  0.009199         0
   139/299     13.9G   0.02075   0.01873         0   0.04722  0.003536   0.09023        36       960    0.8875    0.8537    0.9335     0.724   0.01682  0.009192         0
   140/299     13.9G   0.02078   0.01874         0   0.04737  0.003529   0.09043        46       960     0.889     0.853    0.9337    0.7245   0.01681  0.009188         0
   141/299     13.9G   0.02066   0.01875         0   0.04658   0.00351   0.08949        26       960    0.8859    0.8566    0.9339    0.7249   0.01679  0.009183         0
   142/299     13.9G   0.02088   0.01896         0   0.04791   0.00354   0.09129        74       960     0.886     0.856    0.9337    0.7252   0.01679  0.009179         0
   143/299     13.9G    0.0208   0.01892         0   0.04748  0.003518   0.09072        51       960    0.8809    0.8601     0.933     0.725   0.01678  0.009181         0
   144/299     13.9G   0.02082    0.0188         0   0.04748  0.003524   0.09063        16       960    0.8888     0.852    0.9332    0.7248   0.01678   0.00918         0
   145/299     13.9G   0.02062   0.01876         0   0.04681  0.003503   0.08969        35       960      0.89    0.8512    0.9333    0.7245   0.01677  0.009175         0
   146/299     13.9G   0.02055   0.01863         0   0.04644  0.003501   0.08912        28       960    0.8844     0.856    0.9331    0.7243   0.01675  0.009167         0
   147/299     13.9G   0.02068   0.01881         0   0.04672  0.003506   0.08971        22       960    0.8871    0.8537    0.9333    0.7242   0.01673  0.009162         0
   148/299     13.9G   0.02059   0.01865         0   0.04658  0.003495   0.08931        36       960    0.8946    0.8484    0.9335    0.7249   0.01672  0.009157         0
   149/299     13.9G   0.02044   0.01853         0   0.04605  0.003478   0.08849        28       960    0.8874    0.8552    0.9336     0.725   0.01671  0.009152         0
   150/299     13.9G   0.02041   0.01854         0   0.04587   0.00347   0.08829        40       960    0.8896    0.8544     0.934    0.7249    0.0167  0.009147         0
   151/299     13.9G   0.02044   0.01854         0   0.04603  0.003475   0.08848        31       960    0.8953    0.8498    0.9339    0.7261   0.01668  0.009139         0
   152/299     13.9G   0.02056   0.01874         0   0.04656  0.003482   0.08934        28       960    0.8859    0.8597    0.9341     0.726   0.01667  0.009137         0
   153/299     13.9G    0.0204   0.01854         0   0.04569  0.003467   0.08809        37       960    0.8942    0.8536    0.9343    0.7266   0.01666   0.00913         0
   154/299     13.9G   0.02041   0.01855         0   0.04586  0.003472   0.08829        36       960    0.8941    0.8544    0.9342    0.7267   0.01664  0.009124         0
   155/299     13.9G   0.02026   0.01852         0   0.04544   0.00345   0.08767        36       960    0.8952    0.8531    0.9347    0.7272   0.01663  0.009118         0
   156/299     13.9G   0.02031   0.01849         0   0.04542  0.003451   0.08768        21       960    0.8915    0.8565    0.9346    0.7273   0.01662  0.009114         0
   157/299     13.9G   0.02019    0.0185         0    0.0451  0.003436   0.08723        33       960    0.8884    0.8587    0.9344    0.7275    0.0166  0.009108         0
   158/299     13.9G   0.02034   0.01866         0   0.04575  0.003452    0.0882        22       960     0.889    0.8591    0.9342     0.728   0.01659   0.00911         0
   159/299     13.9G    0.0202   0.01846         0   0.04515  0.003439   0.08725        25       960    0.8925     0.858    0.9345    0.7281   0.01658  0.009106         0
   160/299     13.9G   0.02018    0.0185         0   0.04538  0.003435   0.08749        41       960    0.8853     0.864    0.9342    0.7275   0.01657  0.009104         0
   161/299     13.9G   0.02056   0.01881         0   0.04649  0.003463   0.08933        21       960    0.8909    0.8589    0.9346    0.7271   0.01659  0.009108         0
   162/299     13.9G    0.0201   0.01837         0   0.04483  0.003416   0.08671        31       960    0.8933     0.858     0.935    0.7273   0.01658  0.009105         0
   163/299     13.9G    0.0201   0.01836         0   0.04487  0.003413   0.08674        47       960    0.8931    0.8587    0.9349    0.7276   0.01657  0.009099         0
   164/299     13.9G   0.02015    0.0185         0   0.04514  0.003425   0.08722        23       960    0.8943    0.8575    0.9353    0.7277   0.01656  0.009094         0
   165/299     13.9G   0.02022   0.01859         0   0.04532  0.003428   0.08755        47       960    0.8903    0.8599    0.9353    0.7285   0.01654  0.009095         0
   166/299     13.9G   0.01993   0.01834         0    0.0443  0.003402   0.08598        58       960    0.8888    0.8608    0.9353    0.7289   0.01653   0.00909         0
   167/299     13.9G   0.02009   0.01841         0   0.04482  0.003403   0.08672        19       960     0.883    0.8679    0.9356    0.7296   0.01651  0.009083         0
   168/299     13.9G   0.02003   0.01831         0   0.04473  0.003406   0.08647        34       960    0.8841    0.8673    0.9356    0.7297   0.01648  0.009075         0
   169/299     13.9G   0.01992   0.01821         0   0.04427   0.00339   0.08579        67       960    0.8931    0.8575    0.9355    0.7304   0.01647   0.00907         0
   170/299     13.9G   0.02001    0.0184         0   0.04437  0.003395   0.08617        37       960    0.8911    0.8624    0.9359    0.7313   0.01645  0.009058         0
   171/299     13.9G   0.01991   0.01829         0   0.04388  0.003374   0.08545        15       960    0.8899     0.864     0.936     0.731   0.01644  0.009052         0
   172/299     13.9G   0.01985   0.01823         0   0.04392   0.00338   0.08538        22       960    0.8909    0.8624    0.9365    0.7312   0.01643  0.009046         0
   173/299     13.9G   0.01973   0.01809         0   0.04346  0.003355   0.08463        28       960    0.8957    0.8568    0.9368    0.7314   0.01642   0.00904         0
   174/299     13.9G   0.01972   0.01813         0   0.04361  0.003365   0.08482        37       960    0.8805    0.8715    0.9366    0.7323   0.01641  0.009033         0
   175/299     13.9G   0.01977   0.01828         0    0.0438  0.003364   0.08521        33       960    0.8765    0.8748    0.9365     0.732    0.0164  0.009031         0
   176/299     13.9G    0.0201   0.01848         0   0.04537  0.003388   0.08734        21       960    0.8908      0.86    0.9357    0.7307   0.01646  0.009059         0
   177/299     13.9G   0.02001   0.01843         0   0.04498  0.003381    0.0868        29       960    0.8856    0.8654    0.9359    0.7308   0.01647  0.009064         0
   178/299     13.9G   0.01992   0.01832         0   0.04437  0.003366   0.08597        24       960    0.8852    0.8652    0.9358    0.7312   0.01647   0.00906         0
   179/299     13.9G   0.01975   0.01812         0   0.04392  0.003352   0.08515        36       960    0.8875    0.8637    0.9357    0.7309   0.01646  0.009059         0
   180/299     13.9G   0.01964   0.01812         0   0.04355  0.003352   0.08466        40       960    0.8927    0.8568    0.9357    0.7311   0.01645  0.009056         0
   181/299     13.9G   0.01955   0.01803         0   0.04325  0.003333   0.08417        28       960    0.8962     0.854    0.9359    0.7315   0.01644  0.009052         0
   182/299     13.9G   0.01954   0.01802         0   0.04317  0.003329   0.08406        30       960    0.8966    0.8552    0.9362    0.7315   0.01643  0.009049         0
   183/299     13.9G   0.01951   0.01805         0   0.04291  0.003322   0.08379        40       960    0.8966     0.855    0.9362    0.7315   0.01641  0.009044         0
   184/299     13.9G   0.01949   0.01799         0   0.04302  0.003317   0.08383        34       960    0.8819    0.8692    0.9362    0.7318   0.01639  0.009036         0
   185/299     13.9G   0.01955   0.01805         0   0.04353  0.003327   0.08446        34       960    0.8821    0.8707    0.9363    0.7325   0.01638  0.009029         0
   186/299     13.9G   0.01936   0.01784         0   0.04261  0.003301   0.08312        21       960    0.8818    0.8718     0.937    0.7337   0.01636  0.009022         0
   187/299     13.9G   0.01933   0.01789         0   0.04249  0.003297     0.083        47       960    0.8836    0.8709    0.9373    0.7337   0.01634  0.009015         0
   188/299     13.9G    0.0193   0.01786         0   0.04227  0.003288   0.08272        21       960    0.8834    0.8698    0.9372    0.7342   0.01631  0.009008         0
   189/299     13.9G   0.01933   0.01791         0   0.04233  0.003293   0.08286        34       960    0.8785    0.8752    0.9371    0.7347    0.0163  0.009002         0
   190/299     13.9G    0.0194   0.01795         0   0.04283  0.003297   0.08347        29       960    0.8774    0.8755    0.9371    0.7347   0.01628  0.008995         0
   191/299     13.9G    0.0194   0.01794         0   0.04245   0.00328   0.08307        35       960    0.9003    0.8552    0.9373     0.735   0.01627  0.008989         0
   192/299     13.9G   0.01925   0.01782         0   0.04221  0.003277   0.08256        23       960    0.8974    0.8583    0.9373    0.7349   0.01626  0.008984         0
   193/299     13.9G   0.01931   0.01789         0    0.0425  0.003281   0.08298        25       960    0.8994    0.8574    0.9371     0.735   0.01625  0.008976         0
   194/299     13.9G   0.01924   0.01791         0   0.04206  0.003262   0.08247        31       960    0.9026    0.8551    0.9377    0.7351   0.01624  0.008972         0
   195/299     13.9G   0.01912   0.01763         0   0.04152   0.00325   0.08152        30       960    0.9045    0.8534     0.938    0.7349   0.01624  0.008966         0
   196/299     13.9G   0.01913   0.01771         0   0.04149  0.003243   0.08158        29       960    0.8992    0.8591    0.9381     0.735   0.01623   0.00896         0
   197/299     13.9G    0.0191   0.01773         0   0.04197  0.003252   0.08206        26       960    0.8971     0.861    0.9382    0.7352   0.01621  0.008954         0
   198/299     13.9G   0.01903    0.0176         0   0.04175  0.003247   0.08163        37       960     0.895    0.8632    0.9384    0.7354    0.0162  0.008952         0
   199/299     13.9G    0.0192   0.01774         0   0.04215  0.003252   0.08234        27       960    0.8808     0.877    0.9383    0.7356   0.01619  0.008951         0
   200/299     13.9G   0.01899   0.01765         0   0.04145  0.003233   0.08132        26       960    0.8845    0.8731    0.9386    0.7358   0.01619  0.008951         0
   201/299     13.9G   0.01898   0.01762         0   0.04131  0.003235   0.08115        26       960    0.8995    0.8583    0.9383    0.7358   0.01618  0.008947         0
   202/299     13.9G   0.01904   0.01759         0   0.04138  0.003232   0.08124        25       960    0.8855    0.8713    0.9382    0.7358   0.01619  0.008947         0
   203/299     13.9G   0.01907   0.01767         0   0.04165  0.003232   0.08162        50       960    0.8819    0.8753    0.9382    0.7362   0.01619  0.008947         0
   204/299     13.9G   0.01893   0.01762         0   0.04102  0.003214   0.08079        30       960    0.8807    0.8767    0.9381    0.7368   0.01617  0.008944         0
   205/299     13.9G   0.01895   0.01758         0   0.04113  0.003223   0.08088        42       960     0.892    0.8658    0.9381    0.7365   0.01616  0.008941         0
   206/299     13.9G   0.01879   0.01751         0   0.04053  0.003196   0.08003        33       960    0.8849    0.8728    0.9385    0.7368   0.01614  0.008934         0
   207/299     13.9G   0.01876   0.01746         0   0.04059  0.003194   0.08001        27       960    0.8887      0.87    0.9382    0.7369   0.01613   0.00893         0
   208/299     13.9G    0.0187    0.0174         0   0.04042  0.003195   0.07972        36       960    0.8882    0.8704    0.9384     0.737   0.01611  0.008926         0
   209/299     13.9G   0.01865   0.01734         0   0.04018  0.003181   0.07935        36       960    0.8889    0.8712     0.939    0.7379    0.0161  0.008918         0
   210/299     13.9G   0.01871   0.01749         0   0.04034  0.003189   0.07973        44       960    0.8845    0.8761    0.9389    0.7384   0.01609  0.008912         0
   211/299     13.9G   0.01858   0.01731         0   0.03994  0.003165   0.07899        25       960    0.8843    0.8764    0.9389    0.7392   0.01608  0.008908         0
   212/299     13.9G   0.01859   0.01739         0   0.03981   0.00316   0.07895        37       960    0.8828    0.8777    0.9391    0.7392   0.01607  0.008904         0
   213/299     13.9G   0.01855   0.01728         0   0.03981  0.003164   0.07881        25       960    0.8827    0.8764     0.939    0.7391   0.01606  0.008897         0
   214/299     13.9G    0.0184   0.01725         0   0.03954  0.003154   0.07834        34       960    0.8816    0.8785    0.9391    0.7398   0.01604  0.008892         0
   215/299     13.9G   0.01846   0.01725         0   0.03945  0.003144    0.0783        31       960    0.8831    0.8763     0.939    0.7397   0.01603  0.008889         0
   216/299     13.9G   0.01848   0.01733         0   0.03964  0.003147    0.0786        29       960    0.8849    0.8727    0.9389    0.7399   0.01602  0.008889         0
   217/299     13.9G   0.01842   0.01721         0   0.03932  0.003138   0.07809        38       960    0.8854    0.8723    0.9388    0.7398   0.01601  0.008888         0
   218/299     13.9G   0.01844   0.01727         0   0.03977  0.003144   0.07862        42       960    0.8852    0.8727    0.9388    0.7401   0.01599  0.008888         0
   219/299     13.9G   0.01847    0.0174         0   0.03951  0.003138   0.07853        23       960    0.8862    0.8708     0.939    0.7406   0.01599  0.008888         0
   220/299     13.9G   0.01842   0.01731         0   0.03959   0.00314   0.07847        32       960    0.8924    0.8642    0.9388    0.7402   0.01599  0.008892         0
   221/299     13.9G    0.0185   0.01735         0   0.03973   0.00314   0.07872        35       960    0.8899    0.8655    0.9389      0.74   0.01598  0.008895         0
   222/299     13.9G   0.01831   0.01719         0   0.03937  0.003124     0.078        17       960    0.8837    0.8714    0.9388    0.7411   0.01598  0.008893         0
   223/299     13.9G   0.01835   0.01714         0    0.0394  0.003119   0.07801        14       960    0.8958    0.8603    0.9391    0.7412   0.01597  0.008891         0
   224/299     13.9G   0.01824    0.0172         0   0.03919  0.003106   0.07774        26       960    0.8931    0.8637    0.9392    0.7418   0.01596  0.008887         0
   225/299     13.9G    0.0182   0.01711         0   0.03895  0.003098   0.07735        18       960    0.8871      0.87    0.9393    0.7421   0.01595  0.008885         0
   226/299     13.9G   0.01818   0.01705         0   0.03872   0.00309   0.07704        40       960    0.8937     0.864    0.9394    0.7422   0.01593   0.00888         0
   227/299     13.9G   0.01826   0.01725         0   0.03888  0.003097   0.07749        31       960    0.8927    0.8657    0.9397    0.7427   0.01592  0.008876         0
   228/299     13.9G   0.01818   0.01712         0   0.03866  0.003088   0.07705        22       960    0.8928    0.8652    0.9399    0.7429   0.01591  0.008874         0
   229/299     13.9G   0.01812   0.01703         0   0.03855  0.003081   0.07677        37       960    0.8938    0.8649    0.9396    0.7425    0.0159  0.008868         0
   230/299     13.9G   0.01814   0.01706         0   0.03885  0.003089   0.07713        29       960    0.8931     0.866      0.94    0.7425   0.01589  0.008863         0
   231/299     13.9G   0.01803   0.01693         0   0.03833   0.00307   0.07637        32       960    0.8938    0.8663    0.9404    0.7427   0.01588  0.008858         0
   232/299     13.9G   0.01794   0.01692         0   0.03815  0.003069   0.07608        37       960    0.8984    0.8616      0.94     0.743   0.01587  0.008852         0
   233/299     13.9G   0.01795     0.017         0   0.03828  0.003068    0.0763        27       960    0.9011    0.8596    0.9398    0.7433   0.01586  0.008849         0
   234/299     13.9G   0.01796   0.01691         0   0.03819  0.003054   0.07611        16       960    0.8978    0.8625    0.9396    0.7435   0.01585  0.008848         0
   235/299     13.9G   0.01792    0.0169         0   0.03796  0.003048   0.07582        31       960    0.8952    0.8641    0.9397    0.7436   0.01584  0.008848         0
   236/299     13.9G   0.01777   0.01681         0   0.03748  0.003036    0.0751        22       960    0.8917    0.8685    0.9393    0.7428   0.01583  0.008845         0
   237/299     13.9G   0.01785   0.01686         0   0.03764  0.003038   0.07539        33       960    0.8885    0.8733    0.9391    0.7418   0.01581  0.008841         0
   238/299     13.9G   0.01778   0.01679         0   0.03753  0.003021   0.07512        29       960    0.8887    0.8747    0.9407    0.7434    0.0158  0.008837         0
   239/299     13.9G   0.01772   0.01673         0   0.03722  0.003025   0.07468        28       960    0.8874    0.8748    0.9395    0.7427    0.0158  0.008834         0
   240/299     13.9G   0.01769   0.01667         0   0.03721  0.003023    0.0746        18       960    0.8849     0.876    0.9393    0.7427    0.0158  0.008834         0
   241/299     13.9G   0.01768   0.01668         0   0.03704  0.003015   0.07441        38       960    0.9007    0.8624      0.94    0.7433   0.01579  0.008834         0
   242/299     13.9G   0.01765   0.01667         0   0.03701  0.003005   0.07433        34       960    0.8899    0.8715    0.9401    0.7436   0.01578  0.008832         0
   243/299     13.9G   0.01779   0.01684         0    0.0375  0.003015   0.07515        59       960    0.8895    0.8723    0.9407    0.7445   0.01578  0.008831         0
   244/299     13.9G   0.01751   0.01656         0   0.03662  0.002988   0.07367        34       960    0.9044    0.8589     0.941    0.7444   0.01576  0.008826         0
   245/299     13.9G   0.01749   0.01652         0   0.03669  0.002991   0.07369        45       960    0.8955    0.8675    0.9412    0.7449   0.01575   0.00882         0
   246/299     13.9G   0.01748   0.01662         0   0.03653  0.002993   0.07363        34       960    0.8934    0.8701    0.9409    0.7449   0.01575  0.008816         0
   247/299     13.9G   0.01746   0.01649         0   0.03658  0.002987   0.07352        40       960    0.8933    0.8703     0.941    0.7456   0.01574  0.008813         0
   248/299     13.9G   0.01737   0.01645         0   0.03629  0.002976   0.07308        49       960    0.9014    0.8632    0.9416    0.7459   0.01574   0.00881         0
   249/299     13.9G   0.01733   0.01638         0   0.03623  0.002969   0.07291        41       960    0.9027    0.8619     0.941    0.7459   0.01573  0.008806         0
   250/299     13.9G   0.01743   0.01658         0   0.03671  0.002976   0.07369        35       960    0.9036    0.8617     0.941    0.7459   0.01572  0.008803         0
   251/299     13.9G   0.01733   0.01647         0   0.03627  0.002964   0.07303        24       960    0.9022    0.8628     0.941    0.7458   0.01571  0.008799         0
   252/299     13.9G   0.01733   0.01636         0   0.03608  0.002959   0.07273        14       960    0.8928    0.8714    0.9412    0.7458    0.0157  0.008799         0
   253/299     13.9G    0.0172   0.01631         0   0.03576  0.002948   0.07221        29       960    0.9046    0.8599     0.941    0.7461    0.0157  0.008801         0
   254/299     13.9G   0.01722   0.01627         0   0.03582   0.00294   0.07224        45       960    0.8954    0.8698    0.9415    0.7461    0.0157  0.008801         0
   255/299     13.9G   0.01719   0.01624         0   0.03567  0.002934   0.07203        20       960    0.8975    0.8682    0.9416    0.7465   0.01569  0.008802         0
   256/299     13.9G   0.01724   0.01639         0   0.03562  0.002934   0.07218        33       960     0.896    0.8696    0.9416    0.7468   0.01568  0.008797         0
   257/299     13.9G   0.01714   0.01623         0   0.03536  0.002926   0.07165        51       960    0.8927    0.8734    0.9418    0.7469   0.01568  0.008794         0
   258/299     13.9G     0.017   0.01615         0   0.03524   0.00292    0.0713        39       960    0.8965    0.8691    0.9413    0.7476   0.01568  0.008791         0
   259/299     13.9G   0.01715   0.01626         0   0.03553  0.002925   0.07187        40       960    0.9087    0.8582    0.9414    0.7477   0.01567   0.00879         0
   260/299     13.9G   0.01704   0.01617         0   0.03529  0.002912   0.07141        25       960     0.904    0.8629    0.9417    0.7477   0.01567  0.008789         0
   261/299     13.9G   0.01702   0.01614         0   0.03531  0.002916   0.07139        44       960    0.9087    0.8586     0.942     0.748   0.01567  0.008787         0
   262/299     13.9G   0.01715   0.01627         0    0.0356  0.002923   0.07195        35       960    0.9042    0.8621     0.942     0.748   0.01566  0.008784         0
   263/299     13.9G   0.01703    0.0162         0   0.03536  0.002911    0.0715        52       960    0.8809    0.8844    0.9421    0.7479   0.01566  0.008783         0
   264/299     13.9G   0.01697   0.01612         0   0.03515  0.002904   0.07115        27       960    0.8819     0.883    0.9424    0.7483   0.01566  0.008782         0
   265/299     13.9G   0.01704   0.01624         0   0.03527  0.002903   0.07146        26       960    0.8901    0.8756    0.9424    0.7489   0.01565  0.008781         0
   266/299     13.9G   0.01692   0.01606         0   0.03502  0.002896   0.07089        33       960    0.8866    0.8788    0.9423    0.7485   0.01564  0.008782         0
   267/299     13.9G    0.0169   0.01603         0   0.03484  0.002888   0.07065        35       960    0.8773    0.8879    0.9424    0.7486   0.01564  0.008782         0
   268/299     13.9G   0.01691   0.01607         0   0.03485  0.002889   0.07072        17       960    0.8775    0.8874    0.9419    0.7482   0.01563  0.008784         0
   269/299     13.9G   0.01692   0.01609         0   0.03498  0.002895   0.07088        32       960    0.8807    0.8844     0.942    0.7486   0.01562  0.008785         0
   270/299     13.9G   0.01679   0.01596         0   0.03438  0.002871   0.07001        26       960    0.8797    0.8864     0.942    0.7482   0.01561  0.008784         0
   271/299     13.9G   0.01682   0.01597         0   0.03464  0.002881   0.07031        28       960     0.883    0.8835     0.942    0.7483    0.0156  0.008781         0
   272/299     13.9G   0.01676   0.01598         0   0.03426  0.002862   0.06987        29       960    0.8843     0.882    0.9421    0.7489    0.0156  0.008778         0
   273/299     13.9G   0.01671   0.01593         0   0.03429  0.002864    0.0698        35       960    0.8766    0.8899    0.9422     0.749   0.01559  0.008773         0
   274/299     13.9G   0.01672   0.01588         0   0.03441  0.002862   0.06987        40       960    0.8792    0.8876    0.9419    0.7495   0.01559  0.008772         0
   275/299     13.9G   0.01667   0.01594         0   0.03431  0.002858   0.06978        46       960    0.8789    0.8895    0.9423    0.7494   0.01559  0.008772         0
   276/299     13.9G   0.01667   0.01584         0   0.03419  0.002854   0.06955        35       960    0.8814    0.8872     0.943    0.7492   0.01559  0.008771         0
   277/299     13.9G   0.01672   0.01594         0   0.03438  0.002862    0.0699        30       960    0.8813    0.8874     0.943    0.7488   0.01559  0.008771         0
   278/299     13.9G   0.01666   0.01592         0   0.03406  0.002847   0.06948        41       960    0.8995      0.87    0.9429    0.7491   0.01558  0.008772         0
   279/299     13.9G   0.01657   0.01571         0   0.03379  0.002832    0.0689        26       960    0.8838    0.8841    0.9429    0.7494   0.01558  0.008773         0
   280/299     13.9G   0.01659    0.0158         0   0.03397  0.002845   0.06921        31       960     0.891    0.8779     0.943     0.749   0.01558  0.008774         0
   281/299     13.9G   0.01652   0.01572         0   0.03381  0.002842   0.06888        37       960    0.8902    0.8784    0.9427     0.749   0.01557  0.008776         0
   282/299     13.9G   0.01652   0.01581         0   0.03369   0.00283   0.06884        20       960    0.8929    0.8767    0.9427    0.7496   0.01557  0.008776         0
   283/299     13.9G   0.01652   0.01574         0   0.03367  0.002832   0.06876        25       960    0.8936    0.8761    0.9428    0.7497   0.01556  0.008778         0
   284/299     13.9G   0.01647   0.01572         0   0.03372  0.002832   0.06874        30       960    0.8966    0.8728    0.9429      0.75   0.01556  0.008782         0
   285/299     13.9G   0.01647   0.01564         0   0.03364  0.002834   0.06858        33       960    0.8903    0.8787    0.9426    0.7498   0.01555  0.008784         0
   286/299     13.9G   0.01654   0.01571         0   0.03381  0.002836    0.0689        24       960    0.8902      0.88    0.9428      0.75   0.01555  0.008787         0
   287/299     13.9G   0.01643   0.01569         0   0.03375  0.002831    0.0687        23       960    0.8933    0.8756    0.9429    0.7498   0.01554   0.00879         0
   288/299     13.9G   0.01651   0.01568         0   0.03379  0.002816    0.0688        28       960    0.8934    0.8763     0.943      0.75   0.01554  0.008795         0
   289/299     13.9G   0.01655   0.01577         0   0.03381  0.002828   0.06896        46       960    0.8892    0.8791    0.9431    0.7496   0.01554  0.008801         0
   290/299     13.9G   0.01661   0.01582         0   0.03401  0.002832   0.06928        38       960    0.8856    0.8843    0.9432      0.75   0.01555  0.008806         0
   291/299     13.9G   0.01656   0.01581         0    0.0341  0.002834   0.06931        35       960    0.8873    0.8838     0.943    0.7495   0.01556  0.008817         0
   292/299     13.9G   0.01647   0.01573         0   0.03362  0.002823   0.06865        28       960    0.8869    0.8833    0.9431    0.7498   0.01557   0.00882         0
   293/299     13.9G   0.01633   0.01558         0    0.0331  0.002809   0.06782        24       960    0.8865    0.8851    0.9426    0.7494   0.01557  0.008821         0
   294/299     13.9G   0.01643   0.01562         0   0.03336  0.002812   0.06822        27       960    0.8892    0.8832    0.9435    0.7491   0.01557  0.008821         0
   295/299     13.9G   0.01663   0.01587         0   0.03393  0.002829   0.06926        27       960    0.8859    0.8862    0.9431    0.7486   0.01557  0.008821         0
   296/299     13.9G   0.01648   0.01567         0   0.03368   0.00282   0.06864        35       960    0.8868    0.8853    0.9433    0.7485   0.01557  0.008821         0
   297/299     13.9G    0.0164   0.01566         0   0.03338  0.002812   0.06826        23       960    0.8856     0.887    0.9437    0.7483   0.01557  0.008821         0
   298/299     13.9G   0.01649   0.01575         0    0.0338  0.002819   0.06885        26       960    0.8895     0.884    0.9436    0.7484   0.01557  0.008822         0
   299/299     13.9G   0.01648   0.01568         0   0.03373   0.00282    0.0687        45       960    0.8852    0.8874    0.9438    0.7483   0.01556  0.008824         0
